# Fiducial parameters, omega_b = 0.022137, omega_cdm = 0.11897, 100*theta_s = 1.0409, tau_reio = 0.08783, sigma_NL = 7, beta_0^Euclid = 1, beta_1^Euclid = 1, Omega_Lambda = 0, Omega_m = 0, H0 = 0, sigma8 = 0
33127.212 33434.479
31601.421 31879.355
30166.519 30418.024
28816.665 29044.37
27546.339 27752.622
26350.318 26537.32
25223.683 25393.33
24161.832 24315.856
23160.467 23300.427
22215.567 22342.859
21323.38 21439.257
20480.421 20586.006
19683.451 19779.75
18929.454 19017.371
18215.629 18295.972
17539.374 17612.867
16898.276 16965.57
16290.098 16351.774
15712.757 15769.339
15164.319 15216.276
14642.989 14690.743
14147.102 14191.031
13675.109 13715.553
13225.568 13262.835
12797.139 12831.504
12388.574 12420.286
11998.712 12027.995
32437.089 32742.419
30943.435 31219.513
29538.728 29788.455
28217.256 28443.256
26973.617 27178.265
25802.699 25988.135
24699.691 24867.839
23660.091 23812.681
22679.693 22818.282
21754.562 21880.545
20881.028 20995.655
20055.68 20160.072
19275.348 19370.511
18537.083 18623.918
17838.143 17917.456
17175.981 17248.494
16548.237 16614.598
15952.719 16013.51
15387.392 15443.133
14850.361 14901.519
14339.87 14386.865
13854.288 13897.497
13392.101 13431.861
12951.896 12988.514
12532.362 12566.111
12132.277 12163.404
11750.505 11779.233
31734.054 32036.847
30273.115 30546.784
28899.149 29146.588
27606.571 27830.398
26390.102 26592.685
25244.744 25428.218
24165.794 24332.078
23148.85 23299.671
22189.802 22326.71
21284.802 21409.19
20430.263 20543.377
19622.85 19725.808
18859.465 18953.267
18137.222 18222.768
17453.442 17531.533
16805.635 16876.991
16191.492 16256.757
15608.872 15668.625
15055.781 15110.54
14530.37 14580.599
14030.921 14077.036
13555.838 13598.214
13103.64 13142.613
12672.947 12708.819
12262.475 12295.518
11871.03 11901.489
11497.5 11525.595
31020.584 31320.242
29592.824 29863.535
28250.035 28494.681
26986.764 27207.953
25797.852 25997.943
24678.42 24859.538
23623.873 23787.93
22629.912 22778.628
21692.522 21827.441
20807.945 20930.453
19972.677 20084.015
19183.46 19284.739
18437.267 18529.485
17731.282 17815.33
17062.884 17139.561
16429.642 16499.663
15829.301 15893.306
15259.767 15318.331
14719.095 14772.731
14205.476 14254.645
13717.232 13762.347
13252.804 13294.235
12810.744 12848.825
12389.704 12424.734
11988.43 12020.678
11605.754 11635.462
11240.589 11267.976
30299.063 30594.993
28904.834 29172.042
27593.556 27834.907
26359.904 26577.993
25198.847 25396.019
24105.62 24283.99
23075.739 23237.209
22105.011 22251.289
21189.515 21322.138
20325.584 20445.929
19509.798 19619.099
18738.977 18838.337
18010.167 18100.577
17320.618 17402.963
16667.772 16742.846
16049.258 16117.769
15462.872 15525.455
14906.572 14963.796
14378.458 14430.832
13876.763 13924.744
13399.851 13443.846
12946.198 12986.575
12514.391 12551.479
12103.114 12137.208
11711.142 11742.507
11337.335 11366.211
10980.632 11007.233
29572.204 29863.832
28211.734 28474.911
26932.18 27169.752
25728.351 25942.893
24595.339 24789.182
23528.499 23703.743
22523.457 22681.99
21576.123 21719.643
20682.674 20812.706
19839.535 19957.445
19043.369 19150.381
18291.075 18388.285
17579.772 17668.16
16906.777 16987.223
16269.597 16342.885
15665.917 15732.749
15093.588 15154.593
14550.618 14606.358
14035.154 14086.132
13545.472 13592.14
13079.974 13122.735
12637.177 12676.392
12215.699 12251.694
11814.258 11847.323
11431.658 11462.055
11066.786 11094.751
10718.608 10744.351
28844.241 29131.048
27517.561 27776.229
26269.763 26503.115
25095.787 25306.379
23990.849 24180.992
22950.423 23122.2
21970.247 22125.531
21046.335 21186.807
20174.96 20302.133
19352.637 19467.866
18576.115 18680.612
17842.372 17937.221
17148.599 17234.772
16492.181 16570.547
15870.687 15942.023
15281.861 15346.861
14723.61 14782.894
14193.989 14248.113
13691.193 13740.654
13213.541 13258.784
12759.476 12800.898
12327.55 12365.508
11916.418 11951.231
11524.829 11556.782
11151.615 11180.967
10795.694 10822.675
10456.055 10480.873
28119.479 28401.007
26826.423 27080.162
25610.225 25838.972
24465.956 24672.243
23388.957 23575.074
22374.819 22542.829
21419.39 21571.147
20518.787 20655.959
19669.382 19793.464
18867.779 18980.111
18110.81 18212.593
17395.532 17487.837
16719.208 16802.996
16079.291 16155.421
15473.412 15542.652
14899.374 14962.407
14355.136 14412.576
13838.805 13891.199
13348.621 13396.458
12882.947 12926.665
12440.264 12480.255
12019.162 12055.776
11618.331 11651.881
11236.549 11267.317
10872.682 10900.92
10525.672 10551.607
10194.536 10218.37
27401.858 27677.708
26142.076 26390.522
24957.151 25180.959
23842.284 24043.959
22792.937 22974.746
21804.818 21968.802
20873.884 21021.877
19996.355 20130.005
19168.697 19289.484
18387.603 18496.853
17649.991 17748.887
16952.992 17042.594
16293.942 16375.199
15670.361 15744.119
15079.942 15146.959
14520.544 14581.494
13990.181 14045.667
13487.008 13537.57
13009.311 13055.43
12555.496 12597.603
12124.083 12162.562
11713.699 11748.894
11323.067 11355.285
10950.999 10980.515
10596.386 10623.449
10258.201 10283.031
9935.4846 9958.2803
26694.951 26964.783
25467.932 25710.772
24313.799 24532.382
23227.882 23424.684
22205.764 22383.025
21243.266 21403.003
20336.454 20480.48
19481.647 19611.59
18675.405 18792.727
17914.51 18020.518
17195.961 17291.824
16516.965 16603.729
15874.929 15953.529
15267.438 15338.709
14692.246 14756.932
14147.269 14206.036
13630.572 13684.013
13140.361 13189.005
12674.964 12719.285
12232.831 12273.251
11812.52 11849.417
11412.694 11446.404
11032.11 11062.934
10669.609 10697.818
10324.115 10349.949
9994.6231 10018.299
9680.2013 9701.9122
26001.983 26265.511
24807.065 25044.038
23683.104 23896.223
22625.555 22817.265
21630.119 21802.632
20692.729 20848.036
19809.556 19949.446
18977.017 19103.097
18191.764 18305.476
17450.666 17553.3
16750.8 16843.508
16089.45 16173.262
15464.089 15539.927
14872.369 14941.054
14312.102 14374.368
13781.261 13837.76
13277.961 13329.276
12800.454 12847.107
12347.115 12389.569
11916.433 11955.103
11507.006 11542.26
11117.53 11149.699
10746.796 10776.174
10393.675 10420.526
10057.119 10081.677
9736.1501 9758.6277
9429.8604 9450.4454
25325.84 25582.829
24162.228 24393.122
23067.695 23275.156
22037.815 22224.255
21068.405 21236.005
20155.505 20306.231
19295.39 19431.006
18484.573 18606.663
17719.795 17829.781
16998.009 17097.16
16316.37 16405.823
15672.234 15753.002
15063.143 15136.132
14486.809 14552.828
13941.104 14000.873
13424.053 13478.214
12933.824 12982.949
12468.713 12513.313
12027.139 12067.669
11607.631 11644.495
11208.823 11242.384
10829.446 10860.026
10468.323 10496.209
10124.355 10149.805
9796.5202 9819.7637
9483.8684 9505.1101
9185.5141 9204.9374
24669.089 24919.354
23535.873 23760.517
22469.912 22671.559
21466.898 21647.926
20522.757 20685.317
19633.639 19779.666
18795.915 18927.148
18006.191 18124.191
17261.298 17367.463
16558.266 16653.848
15894.328 15980.445
15266.91 15344.559
14673.62 14743.691
14112.229 14175.517
13580.668 13637.88
13077.012 13128.778
12599.477 12646.358
12146.407 12188.903
11716.26 11754.818
11307.605 11342.62
10919.112 10950.937
10549.545 10578.496
10197.758 10224.115
9862.6803 9886.6941
9543.3181 9565.2119
9238.745 9258.7183
8948.0991 8966.3299
24034.006 24277.411
22930.171 23148.442
21891.828 22087.551
20914.784 21090.299
19995.073 20152.499
19128.944 19270.187
18312.867 18439.639
17543.538 17657.374
16817.868 16920.146
16132.969 16224.92
15486.146 15568.869
14874.893 14949.367
14296.88 14363.981
13749.939 13810.447
13232.053 13286.662
12741.349 12790.677
12276.091 12320.687
11834.663 11875.017
11415.567 11452.115
11017.407 11050.536
10638.888 10668.944
10278.808 10306.098
9936.0485 9960.8455
9609.5689 9632.1169
9298.4 9318.9161
9001.6398 9020.3175
8718.4486 8735.4608
23422.63 23659.134
22347.068 22558.931
21335.303 21525.071
20383.252 20553.228
19487.052 19639.321
18643.05 18779.488
17847.808 17970.099
17098.107 17207.763
16390.942 16489.316
15723.497 15811.801
15093.148 15172.462
14497.455 14568.741
13934.149 13998.266
13401.117 13458.832
12896.396 12948.388
12418.161 12465.036
11964.72 12007.016
11534.501 11572.698
11126.043 11160.567
10737.986 10769.216
10369.07 10397.342
10018.123 10043.737
9684.0554 9707.2769
9365.8533 9386.9199
9062.5723 9081.6951
8773.3338 8790.7007
8497.3196 8513.0979
22836.763 23066.423
21788.284 21993.797
20801.98 20985.85
19873.873 20038.364
19000.198 19147.362
18177.396 18309.078
17402.116 17519.974
16671.224 16776.742
15981.789 16076.299
15331.068 15415.762
14716.507 14792.443
14135.725 14203.85
13586.512 13647.67
13066.81 13121.752
12574.704 12624.098
12108.419 12152.857
11666.303 11706.313
11246.825 11282.877
10848.562 10881.071
10470.188 10499.524
10110.475 10136.967
9768.2802 9792.2203
9442.5424 9464.1897
9132.2729 9151.8582
8836.5515 8854.2796
8554.5216 8570.5748
8285.3856 8299.9261
22277.977 22500.942
21255.319 21454.625
20293.293 20471.399
19388.018 19547.152
18535.823 18678.002
17733.239 17860.277
16976.998 17090.524
16264.044 16365.519
15591.519 15682.254
14956.751 15037.914
14357.247 14429.88
13790.687 13855.72
13254.917 13313.178
12747.929 12800.155
12267.858 12314.703
11812.97 11855.016
11381.657 11419.421
10972.426 11006.366
10583.887 10614.411
10214.75 10242.219
9863.8153 9888.5505
9529.9696 9552.2553
9212.1774 9232.2665
8909.4749 8927.5918
8620.9643 8637.3082
8345.8104 8360.5581
8083.2353 8096.544
21747.644 21964.141
20749.485 20942.799
19810.494 19983.041
18926.885 19080.853
18095.074 18232.447
17311.677 17434.238
16573.505 16682.855
15877.575 15975.152
15221.101 15308.192
14601.474 14679.229
14016.263 14085.704
13463.203 13525.245
12940.193 12995.648
12445.275 12494.867
11976.626 12020.998
11532.558 11572.279
11111.5 11147.077
10711.995 10743.877
10332.687 10361.274
9972.3169 9997.9619
9629.7151 9652.7309
9303.7944 9324.4588
8993.5444 9012.1039
8698.0245 8714.6975
8416.3585 8431.3389
8147.7313 8161.1908
7891.3837 7903.4748
21246.962 21457.292
20271.924 20459.531
19354.677 19521.931
18491.519 18640.571
17678.952 17811.751
16913.669 17031.969
16192.556 16297.932
15512.702 15606.565
14871.383 14955
14266.053 14340.555
13694.337 13760.73
13154.026 13213.207
12643.065 12695.834
12159.543 12206.611
11701.682 11743.679
11267.831 11305.317
10856.456 10889.927
10466.135 10496.033
10095.544 10122.259
9743.4535 9767.3314
9408.7202 9430.0673
9090.2828 9109.3706
8787.1546 8804.2236
8498.4167 8513.6801
8223.2136 8236.8601
7960.7489 7972.9457
7710.2813 7721.1763
20776.324 20980.847
19823.015 20005.251
18926.202 19088.48
18082.267 18226.7
17287.789 17416.29
16539.534 16653.829
15834.46 15936.097
15169.718 15260.087
14542.648 14622.994
13950.761 14022.196
13391.735 13455.249
12863.41 12919.886
12363.779 12414.004
11890.973 11935.645
11443.255 11482.994
11019.01 11054.366
10616.74 10648.202
10235.055 10263.054
9872.6606 9897.5805
9528.3541 9550.534
9201.019 9220.7589
8889.6175 8907.1832
8593.1851 8608.8118
8310.8235 8324.7195
8041.6965 8054.0458
7785.0255 7795.9911
7540.0857 7549.8117
20334.194 20533.303
19401.29 19578.529
18523.67 18681.323
17697.793 17837.934
16920.308 17044.818
16188.053 16298.628
15498.048 15596.211
14847.507 14934.626
14233.827 14311.127
13654.573 13723.148
13107.472 13168.298
12590.412 12644.358
12101.428 12149.268
11638.694 11681.116
11200.508 11238.122
10785.291 10818.638
10391.579 10421.138
10018.01 10044.207
9663.3177 9686.5299
9326.3266 9346.8867
9005.9438 9024.1464
8701.1541 8717.2596
8411.0137 8425.2528
8134.6437 8147.2203
7871.226 7882.3202
7619.9988 7629.7698
7380.2529 7388.8412
19918.814 20112.936
19005.075 19177.718
18145.484 18298.889
17336.571 17472.774
16575.053 16695.903
15857.831 15964.995
15181.988 15276.964
14544.794 14628.927
13943.699 14018.197
13376.317 13442.259
12840.425 12898.771
12333.954 12385.559
11854.979 11900.608
11401.712 11442.041
10972.486 11008.117
10565.756 10597.223
10180.087 10207.862
9814.1458 9838.6482
9466.6935 9488.2941
9136.5781 9155.6046
8822.7297 8839.4717
8524.154 8538.8678
8239.9269 8252.839
7969.1878 7980.4985
7711.1354 7721.0213
7465.0239 7473.6409
7230.1586 7237.6444
19528.522 19718.106
18632.782 18801.257
17790.128 17939.689
16997.154 17129.798
16250.641 16368.184
15547.548 15651.63
14885.016 14977.11
14260.367 14341.799
13671.103 13743.062
13114.884 13178.433
12589.53 12645.617
12093.014 12142.482
11623.449 11667.053
11179.082 11217.49
10758.281 10792.086
10359.53 10389.258
9981.4227 10007.542
9622.6536 9645.5764
9282.0078 9302.1005
8958.3563 8975.9423
8650.6506 8666.0155
8357.9164 8371.3127
8079.2478 8090.8988
7813.8015 7823.9043
7560.7922 7569.5206
7319.4888 7326.9961
7089.2105 7095.632
19160.577 19346.058
18281.799 18446.518
17455.108 17601.214
16677.159 16806.612
15944.793 16059.374
15255.024 15356.346
14605.045 14694.558
13992.229 14071.238
13414.124 13483.802
12868.435 12929.829
12353.023 12407.069
11865.898 11913.43
11405.211 11446.973
10969.241 11005.894
10556.387 10588.518
10165.163 10193.293
9794.1906 9818.779
9442.1874 9463.6441
9107.9624 9126.6495
8790.4084 8806.6456
8488.4972 8502.5668
8201.273 8213.4246
7927.8474 7938.3016
7667.3931 7676.3447
7419.1401 7426.7606
7182.3712 7188.8118
6956.4187 6961.8128
18811.054 18992.802
17948.378 18109.696
17136.845 17279.835
16373.168 16499.749
15654.241 15766.162
14977.131 15075.976
14339.08 14426.276
13737.51 13814.343
13170.011 13237.636
12634.33 12693.782
12128.368 12180.57
11650.171 11695.947
11197.923 11238.009
10769.936 10804.985
10364.638 10395.232
9980.5702 10007.224
9616.3796 9639.5496
9270.8083 9290.9001
8942.6871 8960.0593
8630.9295 8645.8989
8334.5262 8347.3727
8052.5394 8063.5102
7784.0971 7793.4108
7528.3876 7536.2371
7284.6548 7291.2101
7052.1953 7057.606
6830.3537 6834.7516
18476.113 18654.433
17628.855 17787.068
16831.841 16971.999
16081.836 16205.817
15375.786 15485.305
14710.808 14807.42
14084.192 14169.3
13493.403 13568.272
12936.072 13001.842
12409.988 12467.68
11913.087 11963.614
11443.451 11487.627
10999.297 11037.849
10578.965 10612.541
10180.913 10210.089
9803.7084 9828.9946
9446.0221 9467.8714
9106.6191 9125.4339
8784.3515 8800.4877
8478.1525 8491.9245
8187.0312 8198.7168
7910.0667 7919.9116
7646.4029 7654.6242
7395.2429 7402.032
7155.8444 7161.3701
6927.5166 6931.9276
6709.6161 6713.0432
18150.896 18325.964
17318.594 17473.88
16535.667 16673.17
15798.931 15920.485
15105.382 15212.665
14452.183 14546.72
13836.669 13919.84
13256.349 13329.399
12708.896 12772.946
12192.133 12248.192
11704.035 11753.004
11242.717 11285.399
10806.425 10843.543
10393.532 10425.726
10002.52 10030.361
9631.9844 9655.9777
9280.6182 9301.214
8947.209 8964.8066
8630.6292 8645.5825
8329.8314 8342.4527
8043.8423 8054.408
7771.7577 7780.5121
7512.7368 7519.8958
7265.997 7271.7512
7030.8095 7035.3267
6806.4958 6809.9239
6592.4241 6594.8933
17830.037 18001.864
17012.473 17164.857
16243.43 16378.314
15519.776 15638.946
14838.552 14943.649
14196.97 14289.487
13592.409 13673.697
13022.417 13093.701
12484.709 12547.092
11977.145 12031.621
11497.734 11545.192
11044.624 11085.86
10616.094 10651.819
10210.542 10241.392
9826.481 9853.0204
9462.5281 9485.2592
9117.401 9136.7701
8789.9087 8806.3127
8478.9442 8492.7345
8183.4785 8194.966
7902.5562 7912.0156
7635.2893 7642.9636
7380.852 7386.9563
7138.476 7143.2001
6907.4455 6910.9567
6687.0946 6689.54
6476.8027 6478.312
17508.03 17676.433
16705.235 16854.564
15950.11 16082.246
15239.57 15356.249
14570.707 14673.527
13940.775 14031.194
13347.199 13426.54
12787.569 12857.032
12259.638 12320.307
11761.304 11814.157
11290.612 11336.524
10845.74 10885.496
10425 10459.303
10026.818 10056.297
9649.7333 9674.9475
9292.3889 9313.8353
8953.5256 8971.6467
8631.974 8647.1637
8326.6473 8339.2546
8036.5356 8046.8692
7760.7009 7769.034
7498.2714 7504.8459
7248.4368 7253.4666
7010.4426 7014.1168
6783.5866 6786.0716
6567.2149 6568.6574
6360.7185 6361.2476
17179.037 17343.585
16391.308 16537.199
15650.382 15779.429
14953.224 15067.109
14296.974 14397.246
13678.933 13767.013
13096.571 13173.748
12547.52 12614.966
12029.571 12088.351
11540.663 11591.734
11078.873 11123.096
10642.417 10680.563
10229.633 10262.397
9838.9798 9866.9805
9469.0225 9492.8123
9118.4301 9138.5006
8785.967 8802.7561
8470.4859 8484.3835
8170.9206 8182.2727
7886.2805 7895.3932
7615.6453 7622.7898
7358.1601 7363.5763
7113.0299 7116.9305
6879.5148 6882.0876
6656.9259 6658.3363
6444.622 6445.0157
6242.0057 6241.5112
16837.451 16997.45
16065.337 16207.163
15339.13 15464.522
14655.846 14766.423
14012.673 14109.933
13406.963 13492.281
12836.229 12910.86
12298.149 12363.233
11790.555 11847.13
11311.423 11360.426
10858.87 10901.143
10431.144 10467.444
10026.617 10057.624
9643.7763 9670.1005
9281.2164 9303.4008
8937.6322 8956.1611
8611.8127 8627.1177
8302.6335 8315.0996
8009.0498 8019.0185
7730.0907 7737.8646
7464.8547 7470.7018
7212.5039 7216.6616
6972.2594 6974.9382
6743.3963 6744.782
6525.2396 6525.4961
6317.161 6316.4327
6118.5755 6116.9894
16477.896 16632.354
15722.193 15859.048
15011.452 15132.364
14342.747 14449.264
13713.317 13806.88
13120.565 13202.498
12562.052 12633.568
12035.504 12097.707
11538.794 11592.692
11069.941 11116.444
10627.099 10667.028
10208.552 10242.645
9812.7073 9841.6296
9438.0832 9462.4307
9083.3036 9103.6083
8747.0913 8763.8277
8428.261 8441.8526
8125.7122 8136.5368
7838.4225 7846.8155
7565.4419 7571.7009
7305.8882 7310.2766
7058.9417 7061.6931
6823.8402 6825.1617
6599.8744 6599.9491
6386.3842 6385.3731
6182.7548 6180.8001
5988.4138 5985.6404
16095.748 16243.376
15357.457 15488.161
14663.127 14778.477
14009.889 14111.357
13395.04 13484
12816.036 12893.756
12270.492 12338.135
11756.179 11814.808
11271.018 11321.606
10813.073 10856.498
10380.537 10417.593
9971.7338 10003.137
9585.1052 9611.5009
9219.2038 9241.1711
8872.6849 8890.7411
8544.3006 8558.9074
8232.8926 8244.4627
7937.3858 7946.2875
7656.7816 7663.3422
7390.1522 7394.6616
7136.6358 7139.3513
6895.4318 6896.5814
6665.7958 6665.5816
6447.0352 6445.6359
6238.5052 6236.078
6039.6055 6036.2891
5849.7771 5845.6934
15687.308 15826.531
14967.598 15090.702
14290.778 14399.234
13654.043 13749.238
13054.75 13137.984
12490.413 12562.891
11958.703 12021.53
11457.444 11511.636
10984.606 11031.092
10538.299 10577.922
10116.761 10150.282
9718.3553 9746.4636
9341.563 9364.8789
8984.972 9004.0536
8647.2714 8662.6172
8327.2441 8339.2998
8023.7612 8032.925
7735.7744 7742.4021
7462.3104 7466.7181
7202.4648 7204.9327
6955.3978 6956.1744
6720.329 6719.6345
6496.5331 6494.5628
6283.3349 6280.2613
6080.1063 6076.081
5886.2622 5881.419
5701.2581 5695.7142
15250.275 15379.265
14550.419 14664.236
13892.305 13992.314
13273.198 13360.691
12690.52 12766.715
12141.849 12207.876
11624.914 11681.818
11137.596 11186.335
10677.92 10719.374
10244.044 10279.012
9834.2527 9863.4593
9446.9545 9471.0538
9080.6705 9100.2539
8734.0273 8749.6265
8405.7494 8417.84
8094.6532 8103.6602
7799.6405 7805.9441
7519.6921 7523.6319
7253.8614 7255.739
7001.269 7001.352
6761.0985 6759.6238
6532.5912 6529.7687
6315.0417 6311.0576
6107.7939 6102.8122
5910.2371 5904.4021
5721.8026 5715.2411
5541.961 5534.7843
14783.813 14900.55
14105.119 14207.782
13466.942 13556.78
12866.619 12944.821
12301.644 12369.336
11769.664 11827.896
11268.471 11318.215
10796.006 10838.157
10350.352 10385.733
9929.7199 9959.0798
9532.4452 9556.4631
9156.9825 9176.2731
8801.8966 8817.016
8465.855 8477.3034
8147.6201 8155.8451
7846.0439 7851.4453
7560.0612 7562.9967
7288.6833 7289.4723
7030.992 7029.9184
6786.135 6783.4499
6553.3202 6549.2461
6331.8121 6326.5458
6120.9268 6114.6424
5920.028 5912.8791
5728.5238 5720.6449
5545.8628 5537.3718
5371.5317 5362.5319
14288.974 14391.326
13632.704 13722.238
13015.647 13093.487
12435.22 12502.445
11888.995 11946.631
11374.69 11423.697
10890.167 10931.435
10433.432 10467.786
10002.626 10030.825
9596.0194 9618.7536
9212 9229.8974
8849.0722 8862.7013
8505.8472 8515.7226
8181.0355 8187.6203
7873.44 7877.1482
7581.95 7583.1517
7305.5352 7304.5611
7043.2393 7040.3846
6794.1745 6789.7011
6557.5164 6551.6557
6332.4993 6325.4558
6118.4117 6110.3662
5914.5926 5905.7046
5720.4268 5710.8364
5535.3419 5525.1716
5358.805 5348.1617
5190.3197 5179.2968
13768.729 13854.558
13136.007 13210.429
12541.125 12605.133
11981.587 12036.139
11455.044 11501.058
10959.291 10997.63
10492.265 10523.732
10052.039 10077.377
9636.819 9656.7153
9244.9335 9260.0149
8874.8278 8885.6634
8525.0582 8532.1639
8194.2845 8198.1276
7881.2628 7882.2635
7584.838 7583.372
7303.9391 7300.3414
7037.5721 7032.1419
6784.8149 6777.8189
6544.8112 6536.4856
6316.766 6307.319
6099.9412 6089.5559
5893.6507 5882.4888
5697.2571 5685.4606
5510.1675 5497.8605
5331.8298 5319.1205
5161.7306 5148.7126
4999.3913 4986.1458
13227.881 13295.159
12619.614 12677.042
12047.758 12096.189
11509.905 11550.171
11003.794 11036.697
10527.301 10553.599
10078.436 10098.836
9655.3464 9670.5052
9256.3038 9266.8296
8879.6993 8886.1478
8524.0368 8526.9123
8187.9268 8187.6867
7870.0798 7867.1383
7569.2989 7564.0283
7284.4732 7277.2054
7014.5723 7005.603
6758.6401 6748.2328
6515.7898 6504.1788
6285.198 6272.5898
6066.1003 6052.6762
5857.7866 5843.7057
5659.5976 5644.9992
5470.9204 5455.9263
5291.1847 5275.9008
5119.86 5104.3776
4956.4527 4940.85
4800.5026 4784.847
12673.112 12720.049
12089.904 12128.673
11541.638 11572.949
11026.001 11050.553
10540.819 10559.293
10084.053 10097.094
9653.7914 9662.0046
9248.2538 9252.2036
8865.7816 8865.9911
8504.8299 8501.7776
8163.9623 8158.0824
7841.8454 7833.5315
7537.2415 7526.8497
7249.0019 7236.8519
6976.0609 6962.4366
6717.4295 6702.5833
6472.1909 6456.3464
6239.4941 6222.8496
6018.5493 6001.2786
5808.6232 5790.8779
5609.035 5590.9469
5419.1522 5400.8359
5238.3869 5219.9417
5066.1925 5047.7035
4902.0602 4883.5998
4745.5164 4727.1458
4596.1203 4577.8909
12112.576 12137.748
11554.66 11573.447
11030.202 11043.166
10536.985 10544.687
10072.924 10075.918
9636.0638 9634.8788
9224.5743 9219.7088
8836.7488 8828.6691
8470.9981 8460.1378
8125.8425 8112.5983
7799.9062 7784.6378
7491.9119 7474.9449
7200.6744 7182.3031
6925.0939 6905.5814
6664.1498 6643.7287
6416.8956 6395.7713
6182.4532 6160.807
5960.0083 5937.9994
5748.8047 5726.5717
5548.1408 5525.8028
5357.3649 5335.0244
5175.8716 5153.6163
5003.0984 4981.003
4838.5222 4816.6495
4681.6562 4660.0581
4532.0473 4510.7662
4389.2735 4368.3437
11555.421 11557.875
11022.617 11020.537
10521.797 10515.592
10050.838 10040.929
9607.7453 9594.5569
9190.6485 9174.59
8797.7962 8779.2559
8427.5559 8406.8991
8078.4078 8055.9752
7748.9365 7725.0401
7437.8264 7412.7484
7143.8562 7117.8515
6865.8929 6839.191
6602.8847 6575.6899
6353.8563 6326.3474
6117.9028 6090.2363
5894.1851 5866.4975
5681.9248 5654.3346
5480.3993 5453.0078
5288.9381 5261.8306
5106.9186 5080.1665
4933.7623 4907.425
4768.9317 4743.0582
4611.9271 4586.5566
4462.2835 4437.4461
4319.568 4295.2864
4183.3776 4159.6679
11011.344 10990.687
10503.035 10479.72
10025.271 9999.557
9576.0223 9548.19
9153.3835 9123.7246
8755.5653 8724.3686
8380.894 8348.4363
8027.8094 7994.3535
7694.8591 7660.6518
7380.6908 7345.9577
7084.0473 7048.992
6803.7619 6768.5674
6538.7523 6503.5823
6288.014 6253.0126
6050.6152 6015.9067
5825.6919 5791.3827
5612.4428 5578.6237
5410.1246 5376.8726
5218.0475 5185.4258
5035.5711 5003.6304
4862.1012 4830.8813
4697.0855 4666.6168
4540.0109 4510.3161
4390.4006 4361.4945
4247.8105 4219.7013
4111.8277 4084.5179
3982.0674 3955.5546
10489.952 10446.407
10005.085 9960.7466
9549.3897 9504.364
9120.9239 9075.3513
8717.8656 8671.9078
8338.5046 8292.33
7981.241 7935.0158
7644.5838 7598.4689
7327.1448 7281.2935
7027.6318 6982.1844
6744.8439 6699.9257
6477.6662 6433.3888
6225.0649 6181.5267
5986.0805 5943.3661
5759.8232 5718.0023
5545.4679 5504.5974
5342.2492 5302.3749
5149.4576 5110.615
4966.4343 4928.6491
4792.5682 4755.8567
4627.2918 4591.6624
4470.0782 4435.5327
4320.4375 4286.9722
4177.9144 4145.5205
4042.0855 4010.7492
3912.5566 3882.2602
3788.9605 3759.6833
10000.009 9934.4253
9537.1399 9472.5693
9102.1555 9038.5561
8693.1973 8630.5711
8308.5208 8246.9019
7946.4893 7885.9286
7605.5719 7546.1275
7284.3419 7226.0757
6981.4715 6924.446
6695.7246 6639.997
6425.9524 6371.5724
6171.0892 6118.0991
5930.1461 5878.5812
5702.2059 5652.0932
5486.418 5437.7749
5281.9937 5234.8292
5088.2016 5042.5178
4904.3633 4860.1563
4729.8496 4687.1086
4564.0765 4522.7849
4406.5018 4366.6379
4256.622 4218.1601
4113.9693 4076.8806
3978.1088 3942.3615
3848.6359 3814.1952
3725.1743 3692.0034
3607.3733 3575.434
9548.8767 9462.6982
9106.2312 9022.775
8690.2922 8609.3721
8299.2766 8220.7614
7931.5109 7855.3117
7585.4253 7511.48
7259.5514 7187.815
6952.5216 6882.9615
6663.0628 6595.6551
6389.9903 6324.7135
6132.2032 6069.0354
5888.6803 5827.5984
5658.4742 5599.4542
5440.7063 5383.7211
5234.5619 5179.5797
5039.2857 4986.2709
4854.1774 4803.0914
4678.5874 4629.3892
4511.9135 4464.5587
4353.5965 4308.0377
4203.1176 4159.3052
4059.9948 4017.8778
3923.7806 3883.3068
3794.0587 3755.1751
3670.4422 3633.0947
3552.5708 3516.705
3440.1093 3405.6706
9141.9943 9037.1888
8717.555 8617.0493
8318.7685 8222.2374
7943.9179 7851.1027
7591.3925 7502.0874
7259.6813 7173.7178
6947.372 6864.608
6653.1489 6573.4637
6375.788 6299.0773
6114.1503 6040.3198
5867.1776 5796.1392
5633.8885 5565.5594
5413.3727 5347.6745
5204.7863 5141.6426
5007.3467 4946.6811
4820.3285 4762.0651
4643.0594 4587.1228
4474.9159 4421.2316
4315.3196 4263.813
4163.734 4114.3304
4019.6613 3972.286
3882.6388 3837.2181
3752.2372 3708.6983
3628.0572 3586.3283
3509.7276 3469.7374
3396.9028 3358.5813
3289.2614 3252.5398
8782.3205 8661.263
8373.9406 8258.602
7990.2926 7880.2148
7629.7159 7524.5196
7290.6536 7190.0236
6971.6457 6875.3143
6671.3278 6579.0636
6388.4295 6300.0309
6121.7692 6037.059
5870.2476 5789.0656
5632.8439 5555.0428
5408.6114 5334.055
5196.6723 5125.2339
4996.2129 4927.7727
4806.479 4740.9213
4626.7715 4563.985
4456.4425 4396.32
4294.8914 4237.3296
4141.5612 4086.4594
3995.9351 3943.1949
3857.5337 3807.0592
3725.9118 3677.6098
3600.6558 3554.4361
3481.3815 3437.1564
3367.7316 3325.4153
3259.3737 3218.883
3155.9983 3117.2525
8470.0924 8335.4068
8075.6179 7947.8964
7705.0878 7583.7463
7356.8885 7241.4344
7029.5074 6919.5239
6721.5271 6616.6556
6431.6236 6331.5512
6158.5645 6063.0169
5901.2041 5809.939
5658.477 5571.2762
5429.394 5346.0582
5213.038 5133.3847
5008.5591 4932.4202
4815.1697 4742.3881
4632.1396 4562.5667
4458.7927 4392.2872
4294.502 4230.9302
4138.6867 4077.9215
3990.8083 3932.7274
3850.3671 3794.8528
3716.8996 3663.8389
3589.9757 3539.2597
3469.1957 3420.7201
3354.1883 3307.8526
3244.6084 3200.3155
3140.1348 3097.7911
3040.4688 2999.9841
8202.7109 8057.0839
7820.1072 7682.514
7460.7877 7330.5243
7123.1758 6999.6434
6805.7946 6688.4825
6507.2613 6395.7279
6226.2848 6120.144
5961.664 5860.5767
5712.2829 5615.9498
5477.1039 5385.2565
5255.1645 5167.559
5045.5725 4961.987
4847.5012 4767.7331
4660.1848 4584.0464
4482.9139 4410.2295
4315.0314 4245.6359
4155.9285 4089.6668
4005.041 3941.7671
3861.8461 3801.4212
3725.8588 3668.1504
3596.6295 3541.511
3473.7405 3421.0916
3356.8043 3306.5101
3245.4606 3197.4112
3139.3749 3093.4648
3038.2357 2994.3637
2941.7532 2899.8224
7974.7006 7820.6667
7602.1822 7457.089
7252.3998 7115.4287
6923.8053 6794.2578
6614.9501 6492.2281
6324.4784 6208.0644
6051.1255 5940.5675
5793.7156 5688.6172
5551.1567 5451.1688
5322.4343 5227.245
5106.6076 5015.9358
4902.8049 4816.3962
4710.2191 4627.8424
4528.1027 4449.5458
4355.7636 4280.8293
4192.5607 4121.0655
4037.9005 3969.6731
3891.2329 3826.1133
3752.0485 3689.8855
3619.8748 3560.5253
3494.2737 3437.6019
3374.8386 3320.7159
3261.1921 3209.4965
3152.9835 3103.5989
3049.8872 3002.7025
2951.6 2906.5093
2857.8399 2814.742
7777.8722 7617.5712
7414.0234 7263.4365
7072.4521 6930.6499
6751.6321 6617.8204
6450.136 6323.6349
6166.6298 6046.8514
5899.8695 5786.3018
5648.6999 5540.895
5412.0485 5309.6133
5188.9199 5091.505
4978.3911 4885.6836
4779.6079 4691.3261
4591.7793 4507.6691
4414.1732 4334.0029
4246.1121 4169.668
4086.9688 4014.0532
3936.1627 3866.5924
3793.1558 3726.7607
3657.4501 3594.0707
3528.584 3468.0699
3406.1294 3348.3387
3289.689 3234.4881
3178.8943 3126.1569
3073.4029 3023.0094
2972.8968 2924.7331
2877.0803 2831.0378
2785.6781 2741.6536
7601.8457 7436.787
7245.7191 7091.058
6911.4723 6766.1702
6597.5958 6460.7658
6302.6797 6173.5628
6025.4071 5903.3487
5764.5519 5648.9831
5518.9754 5409.4009
5287.622 5183.6085
5069.5123 4970.6769
4863.7391 4769.7404
4669.4627 4579.9958
4485.9064 4400.6977
4312.3516 4231.1532
4148.1338 4070.7185
3992.6377 3918.7969
3845.2942 3774.8358
3705.5762 3638.3228
3572.9957 3508.7819
3447.1007 3385.7714
3327.4721 3268.8817
3213.7212 3157.7331
3105.4872 3051.9728
3002.4351 2951.2732
2904.254 2855.3292
2810.6546 2763.8575
2721.3678 2676.5946
7434.787 7265.6419
7085.969 6927.8702
6758.6601 6610.4601
6451.3655 6312.0848
6162.6905 6031.492
5891.3341 5767.497
5636.0856 5518.9856
5395.8221 5284.9174
5169.5031 5064.3217
4956.1641 4856.2906
4754.9122 4659.9786
4564.9217 4474.6009
4385.429 4299.4293
4215.7282 4133.7867
4055.1667 3977.0443
3903.1408 3828.6191
3759.092 3687.9711
3622.5033 3554.5997
3492.8965 3428.0401
3369.8286 3307.8605
3252.889 3193.6609
3141.6969 3085.0701
3035.8989 2981.7438
2935.1674 2883.3616
2839.1978 2789.6256
2747.7071 2700.2589
2660.4321 2615.0042
7264.4386 7090.8945
6923.0694 6761.2476
6602.83 6451.4724
6302.2409 6160.2741
6019.9237 5886.4305
5754.5933 5628.7855
5505.0554 5386.2518
5270.203 5157.8136
5049.0114 4942.5239
4840.5311 4739.4965
4643.8842 4547.9063
4458.2589 4366.9874
4282.9053 4196.029
4117.1302 4034.3705
3960.2934 3881.398
3811.8027 3736.5427
3671.1106 3599.2776
3537.7106 3469.114
3411.134 3345.5983
3290.9471 3228.3092
3176.748 3116.8562
3068.164 3010.8772
2964.8494 2910.036
2866.4836 2814.0199
2772.7688 2722.5383
2683.4283 2635.321
2598.2049 2552.1167
7079.4799 6900.2027
6746.2127 6579.4218
6433.6534 6277.9781
6140.3417 5994.6117
5864.9184 5728.1332
5606.1177 5477.4175
5362.7639 5241.4066
5133.7686 5019.1122
4918.1246 4809.6124
4714.9 4612.0453
4523.233 4425.6077
4342.3278 4249.5542
4171.4493 4083.1935
4009.9185 3925.8825
3857.1087 3777.024
3712.4405 3636.0642
3575.3782 3502.4905
3445.4265 3375.8274
3322.1276 3255.6333
3205.0575 3141.4984
3093.8238 3033.0427
2988.0626 2929.9137
2887.4363 2831.7842
2791.632 2738.3503
2700.3593 2649.3288
2613.3484 2564.4569
2530.348 2483.4901
6871.1034 6683.8485
6546.9916 6373.1265
6243.0963 6081.1354
5957.9823 5806.6546
5690.315 5548.532
5438.8525 5305.678
5202.4426 5077.0675
4980.0191 4861.7434
4770.5962 4658.8128
4573.2624 4467.4405
4387.1754 4286.8489
4211.5576 4116.3157
4045.6912 3955.1713
3888.9137 3802.7929
3740.6137 3658.6019
3600.2263 3522.062
3467.2294 3392.6765
3341.1406 3269.9849
3221.5138 3153.5595
3107.9366 3043.0033
3000.0269 2937.9481
2897.4305 2838.0527
2799.8194 2743.0001
2706.889 2652.4957
2618.3571 2566.2654
2533.9614 2484.0546
2453.4579 2405.6265
6634.4249 6436.3104
6320.7457 6137.0968
6026.7057 5855.9202
5750.9026 5591.6054
5492.0331 5343.0429
5248.8857 5109.1834
5020.3366 4889.0399
4805.347 4681.6907
4602.9571 4486.2759
4412.2796 4301.9914
4232.495 4128.0882
4062.8476 3963.871
3902.6397 3808.6948
3751.2278 3661.9599
3608.0184 3523.1091
3472.4633 3391.6261
3344.0559 3267.0325
3222.3285 3148.8849
3106.8486 3036.7714
2997.2166 2930.3097
2893.0622 2829.1453
2794.0426 2732.9495
2699.8397 2641.4172
2610.1592 2554.2647
2524.7277 2471.228
2443.2913 2392.0619
2365.6142 2316.5383
6369.4127 6157.3291
6067.447 5871.0855
5784.4561 5602.097
5519.0781 5349.2393
5270.0482 5111.4511
5036.1915 4887.7285
4816.4186 4677.1275
4609.7231 4478.7661
4415.1755 4291.8218
4231.9169 4115.5253
4059.1547 3949.1601
3896.1578 3792.0611
3742.252 3643.6111
3596.8154 3503.2365
3459.2749 3370.4043
3329.101 3244.6205
3205.8051 3125.4274
3088.9354 3012.401
2978.0752 2905.1471
2872.8388 2803.3
2772.8695 2706.5206
2677.8367 2614.4944
2587.4342 2526.9296
2501.3782 2443.5546
2419.4056 2364.1171
2341.2719 2288.3824
2266.75 2216.1324
6081.1085 5852.2047
5791.9107 5580.1465
5520.9495 5324.4882
5266.9105 5084.1613
5028.5738 4858.157
4804.8061 4645.5213
4594.5577 4445.3568
4396.8587 4256.8255
4210.8139 4079.1454
4035.5966 3911.5854
3870.4437 3753.4645
3714.652 3604.1506
3567.5728 3463.0571
3428.6086 3329.6389
3297.2083 3203.3892
3172.8632 3083.8386
3055.104 2970.5521
2943.497 2863.1267
2837.6419 2761.1877
2737.1689 2664.3876
2641.7355 2572.4041
2551.0247 2484.9383
2464.7427 2401.7126
2382.6176 2322.4693
2304.3971 2246.9683
2229.847 2174.9866
2158.7495 2106.3169
5779.0271 5531.189
5503.2205 5274.0548
5244.8667 5032.4209
5002.7032 4805.2773
4775.5591 4591.6706
4562.3467 4390.6991
4362.0586 4201.5147
4173.7646 4023.3252
3996.6064 3855.3917
3829.7912 3697.0232
3672.5879 3547.576
3524.3225 3406.4526
3384.374 3273.0988
3252.17 3146.9991
3127.1829 3027.6747
3008.9261 2914.6819
2896.9504 2807.6097
2790.8411 2706.077
2690.2153 2609.7298
2594.7194 2518.2396
2504.0262 2431.3017
2417.8327 2348.6337
2335.8582 2269.9733
2257.843 2195.0767
2183.5462 2123.7172
2112.7442 2055.684
2045.2291 1990.781
5475.7126 5207.9507
5213.3527 4965.8438
4967.6531 4738.3312
4737.4054 4524.4621
4521.4883 4323.3388
4318.861 4134.1122
4128.5593 3955.9838
3949.6934 3788.2078
3781.4424 3630.0884
3623.0481 3480.975
3473.8115 3340.2615
3333.0885 3207.3854
3200.2856 3081.8247
3074.8561 2963.0942
2956.296 2850.7431
2844.1407 2744.3536
2737.9615 2643.5387
2637.3624 2547.9395
2541.9784 2457.2227
2451.472 2371.0791
2365.5311 2289.2218
2283.8669 2211.3848
2206.212 2137.3213
2132.3187 2066.8016
2061.9575 1999.6123
1994.9154 1935.5548
1930.9946 1874.4447
5184.6076 4897.2664
4935.1423 4669.6029
4701.577 4455.6632
4482.7549 4254.5529
4277.6028 4065.4281
4085.1248 3887.4903
3904.3984 3719.9885
3734.5726 3562.2215
3574.8623 3413.535
3424.5426 3273.3172
3282.9454 3140.9982
3149.4551 3016.049
3023.5047 2897.9788
2904.5721 2786.3314
2792.176 2680.6827
2685.8728 2580.64
2585.2533 2485.8393
2489.9399 2395.9432
2399.5842 2310.6382
2313.8644 2229.6336
2232.483 2152.6596
2155.1646 2079.466
2081.6544 2009.8208
2011.7163 1943.508
1945.1319 1880.3269
1881.6983 1820.0908
1821.227 1762.6262
4917.8352 4612.5773
4680.1668 4398.1489
4457.7064 4196.6463
4249.3435 4007.2273
4054.0487 3829.097
3870.8663 3661.5033
3698.9117 3503.739
3537.3689 3355.1434
3385.4853 3215.1006
3242.5663 3083.0341
3107.9718 2958.4072
2981.1122 2840.7217
2861.4446 2729.5152
2748.4692 2624.3582
2641.7254 2524.8512
2540.789 2430.6243
2445.2685 2341.3346
2354.8028 2256.6644
2269.0589 2176.3184
2187.7294 2100.0228
2110.53 2027.5234
2037.1977 1958.5848
1967.4891 1892.9882
1901.179 1830.5303
1838.0588 1771.022
1777.9349 1714.2876
1720.6276 1660.1636
4684.2558 4363.8273
4456.8897 4160.963
4244.1346 3970.3275
4044.9189 3791.1239
3858.2498 3622.6002
3683.2059 3464.0448
3518.9346 3314.7887
3364.6498 3174.2069
3219.6268 3041.7165
3083.1968 2916.7723
2954.7438 2798.8664
2833.7006 2687.5276
2719.5452 2582.3185
2611.7969 2482.8325
2510.0134 2388.6918
2413.7868 2299.5465
2322.7412 2215.0721
2236.5302 2134.968
2154.834 2058.955
2077.3576 1986.7739
2003.8284 1918.1843
1933.9942 1852.9635
1867.6216 1790.9044
1804.4949 1731.8148
1744.4142 1675.5157
1687.1941 1621.8409
1632.6624 1570.6357
4488.0438 4155.8659
4269.3008 3962.6696
4064.6792 3781.1193
3873.138 3610.4561
3693.7131 3449.9637
3525.5101 3298.9646
3367.7019 3156.8215
3219.5264 3022.9394
3080.2813 2896.7631
2949.319 2777.7733
2826.0427 2665.4864
2709.9036 2559.4536
2600.3969 2459.2583
2497.0579 2364.5134
2399.4588 2274.8591
2307.2058 2189.962
2219.9359 2109.5133
2137.3146 2033.2267
2059.0333 1960.8361
1984.8075 1892.0948
1914.3742 1826.774
1847.4904 1764.6612
1783.9312 1705.5596
1723.4887 1649.286
1665.9703 1595.6699
1611.1975 1544.5529
1559.0048 1495.7879
4327.9182 3987.5371
4116.1787 3802.1665
3918.1756 3627.97
3732.8899 3464.2195
3559.3782 3310.228
3396.7665 3165.3451
3244.2467 3028.9596
3101.0748 2900.5004
2966.5656 2779.4348
2840.0876 2665.2647
2721.0596 2557.5259
2608.9468 2455.7879
2503.258 2359.651
2403.5409 2268.7437
2309.3798 2182.7208
2220.3919 2101.2624
2136.2244 2024.0722
2056.5526 1950.8755
1981.077 1881.417
1909.5214 1815.46
1841.631 1752.7849
1777.1699 1693.1879
1715.9203 1636.4801
1657.6807 1582.4857
1602.2647 1531.0413
1549.4994 1481.9947
1499.2244 1435.2049
4197.2354 3851.6971
3991.179 3672.6417
3798.5596 3504.3796
3618.3729 3346.2078
3449.6904 3197.4623
3291.6521 3057.5153
3143.464 2925.776
3004.3952 2801.6931
2873.7736 2684.7518
2750.9798 2574.4711
2635.4442 2470.4027
2526.6432 2372.1306
2424.096 2279.2688
2327.3603 2191.4584
2236.0296 2108.366
2149.73 2029.6826
2068.117 1955.122
1990.8736 1884.4188
1917.7077 1817.3266
1848.35 1753.6165
1782.5521 1693.0764
1720.0841 1635.5097
1660.734 1580.7338
1604.3055 1528.5787
1550.6171 1478.8868
1499.5008 1431.511
1450.8005 1386.3151
4085.7068 3737.0692
3884.4754 3563.3427
3696.4371 3400.0884
3520.5979 3246.624
3356.0397 3102.3054
3201.9132 2966.5233
3057.4347 2838.7048
2921.8838 2718.3147
2794.5983 2604.8538
2674.9685 2497.8552
2562.4341 2396.8839
2456.4805 2301.5365
2356.6354 2211.4383
2262.4646 2126.2412
2173.5695 2045.6217
2089.5834 1969.28
2010.1689 1896.9383
1935.0153 1828.3393
1863.8369 1763.2438
1796.3702 1701.4297
1732.3722 1642.6914
1671.6182 1586.8379
1613.901 1533.6921
1559.029 1483.0893
1506.8249 1434.8761
1457.1247 1388.9103
1409.7761 1345.0594
3980.9974 3629.9692
3784.2883 3461.2217
3600.5468 3302.6463
3428.7878 3153.5801
3268.1028 3013.3977
3117.6517 2881.5071
2976.6604 2757.3518
2844.4176 2640.412
2720.2702 2530.2028
2603.6176 2426.2707
2493.9078 2328.1932
2390.6347 2235.5784
2293.3336 2148.0623
2201.5782 2065.3069
2114.9767 1986.9978
2033.1695 1912.844
1955.8254 1842.5756
1882.6401 1775.9426
1813.3336 1712.7126
1747.6477 1652.6701
1685.3447 1595.6151
1626.2047 1541.3623
1570.0251 1489.7396
1516.6184 1440.587
1465.8116 1393.7555
1417.4444 1349.1071
1371.368 1306.5129
3870.3602 3516.1093
3678.4466 3352.655
3499.2541 3199.0538
3331.8092 3054.6635
3175.2144 2918.8782
3028.6409 2791.1247
2891.3253 2670.8639
2762.5671 2557.5922
2641.7234 2450.84
2528.2035 2350.1679
2421.4648 2255.1669
2321.0103 2165.4571
2226.3838 2080.6862
2137.1672 2000.5266
2052.9767 1924.6739
1973.4595 1852.846
1898.2918 1784.7817
1827.1755 1720.2388
1759.8368 1658.9921
1696.0234 1600.8329
1635.5028 1545.5676
1578.0606 1493.0165
1523.4985 1443.013
1471.6339 1395.4021
1422.2979 1350.0396
1375.3341 1306.7916
1330.5975 1265.5335
3743.6289 3383.958
3557.2454 3226.6473
3383.2836 3078.8192
3220.7863 2939.856
3068.8719 2809.1742
2926.7269 2686.2224
2793.6024 2570.4816
2668.8116 2461.4673
2551.7251 2358.7273
2441.7643 2261.8391
2338.3986 2170.4087
2241.1419 2084.0706
2149.5486 2002.4858
2063.2102 1925.3389
1981.7522 1852.3371
1904.8306 1783.2089
1832.1293 1717.7028
1763.3582 1655.5857
1698.2504 1596.641
1636.5603 1540.6677
1578.0616 1487.4794
1522.5457 1436.9035
1469.82 1388.7794
1419.7067 1342.9579
1372.0418 1299.3003
1326.6735 1257.6778
1283.4609 1217.9703
3597.3083 3229.3974
3417.3497 3079.272
3249.4482 2938.1962
3092.6693 2805.5801
2946.153 2680.8674
2809.1061 2563.5315
2680.7987 2453.0772
2560.562 2349.0421
2447.783 2250.9949
2341.899 2158.532
2242.3938 2071.2776
2148.7949 1988.8831
2060.6694 1911.0246
1977.6208 1837.4015
1899.2853 1767.734
1825.3292 1701.7632
1755.4462 1639.2491
1689.3548 1579.9691
1626.7966 1523.7166
1567.5337 1470.2999
1511.347 1419.541
1458.0346 1371.2751
1407.4102 1325.349
1359.3019 1281.6204
1313.5511 1239.9568
1270.0111 1200.2353
1228.546 1162.3414
3435.1522 3056.4801
3262.3434 2914.3934
3101.1731 2780.8715
2950.7349 2655.3565
2810.1952 2537.3216
2678.7854 2426.2685
2555.7983 2321.7286
2440.5863 2223.2641
2332.5565 2130.4669
2231.164 2042.955
2135.9097 1960.3727
2046.3367 1882.39
1962.0269 1808.7005
1882.597 1739.0195
1807.6958 1673.0824
1737.0013 1610.644
1670.2177 1551.4772
1607.0737 1495.3714
1547.3201 1442.1309
1490.7275 1391.5744
1437.085 1343.5333
1386.198 1297.8518
1337.8872 1254.3848
1291.9872 1212.9976
1248.3454 1173.5649
1206.8206 1135.9703
1167.2822 1100.1054
3266.3919 2875.5243
3101.0391 2741.8498
2946.8808 2616.2331
2803.0417 2498.1491
2668.7172 2387.1024
2543.1651 2282.6242
2425.7032 2184.2735
2315.7068 2091.6386
2212.604 2004.3353
2115.8697 1922.0045
2025.0227 1844.3115
1939.6229 1770.9457
1859.2675 1701.6189
1783.5875 1636.0633
1712.2448 1574.03
1644.9296 1515.2882
1581.3575 1459.6243
1521.2676 1406.8402
1464.4203 1356.7518
1410.5953 1309.1884
1359.59 1263.9916
1311.2174 1221.0146
1265.3056 1180.121
1221.6958 1141.1841
1180.2416 1104.086
1140.8078 1068.7171
1103.2689 1034.9756
3102.5478 2699.5501
2944.4354 2574.0563
2797.0846 2456.1271
2659.6507 2345.2697
2531.3572 2241.0189
2411.4883 2142.9345
2299.3862 2050.6027
2194.4486 1963.6368
2096.1242 1881.6763
2003.9071 1804.3839
1917.3337 1731.4456
1835.9803 1662.5696
1759.4589 1597.4854
1687.4146 1535.9417
1619.5222 1477.7046
1555.4835 1422.5577
1495.0252 1370.3003
1437.8966 1320.7464
1383.8675 1273.7233
1332.7262 1229.0706
1284.2782 1186.6398
1238.3442 1146.2929
1194.7591 1107.9018
1153.3706 1071.3478
1114.0385 1036.52
1076.633 1003.3155
1041.0341 971.63887
2953.7404 2540.1359
2802.1972 2422.0529
2661.0254 2311.0878
2529.4075 2206.7768
2406.5922 2108.6823
2291.8871 2016.39
2184.6561 1929.5106
2084.317 1847.6804
1990.3371 1770.5599
1902.2277 1697.8318
1819.5411 1629.2007
1741.868 1564.392
1668.8343 1503.1513
1600.0975 1445.242
1535.3439 1390.444
1474.2861 1338.5536
1416.6607 1289.3821
1362.2262 1242.7545
1310.7608 1198.5082
1262.061 1156.4924
1215.9394 1116.5672
1172.2236 1078.6028
1130.7549 1042.4788
1091.3868 1008.0833
1053.9847 975.31215
1018.4238 944.06851
984.58897 914.26241
2826.1538 2404.4972
2680.2332 2292.7197
2544.3558 2187.68
2417.726 2088.9392
2299.6131 1996.0828
2189.3438 1908.7188
2086.2999 1826.4787
1989.9158 1749.018
1899.6742 1676.0157
1815.1006 1607.1712
1735.7607 1542.2049
1661.2574 1480.8569
1591.228 1422.8864
1525.3407 1368.0693
1463.2914 1316.1974
1404.8019 1267.0779
1349.6174 1220.5321
1297.504 1176.3943
1248.2474 1134.5107
1201.6506 1094.7384
1157.5327 1056.9451
1115.7271 1021.008
1076.0804 986.81297
1038.4516 954.25413
1002.7103 923.23289
968.73656 893.65761
936.41909 865.4431
2720.7497 2293.9241
2579.4641 2187.2868
2447.9588 2087.0776
2325.4545 1992.8775
2211.236 1904.2913
2104.6447 1820.945
2005.0759 1742.4868
1911.9771 1668.5883
1824.8431 1598.943
1743.2105 1533.2645
1666.6555 1471.2857
1594.791 1412.7588
1527.2633 1357.4541
1463.7491 1305.1578
1403.9523 1255.6713
1347.6021 1208.8106
1294.4506 1164.4052
1244.2703 1122.2971
1196.8528 1082.3396
1152.0069 1044.3963
1109.5566 1008.341
1069.3404 974.05644
1031.2093 941.43394
995.02653 910.37236
960.66576 880.77766
928.01052 852.56243
896.95313 825.64539
2633.0387 2203.4449
2495.6035 2101.0138
2367.7371 2004.7572
2248.6723 1914.2727
2137.7056 1829.1807
2034.1894 1749.1218
1937.5294 1673.7583
1847.1831 1602.7746
1762.6547 1535.8764
1683.4898 1472.7884
1609.2727 1413.2543
1539.6242 1357.0359
1474.1981 1303.9126
1412.6778 1253.679
1354.7738 1206.1444
1300.2213 1161.132
1248.7779 1118.4782
1200.2216 1078.031
1154.349 1039.6495
1110.9732 1003.2028
1069.9229 968.56959
1031.0404 935.63733
994.18061 904.30155
959.21023 874.46513
926.00635 846.03772
894.45557 818.93538
864.45312 793.08003
2554.3317 2123.1816
2420.3525 2024.4818
2295.7555 1931.7316
2179.7836 1844.5432
2071.743 1762.5508
1970.9957 1685.4082
1876.9564 1612.7899
1789.0911 1544.392
1706.9123 1479.9306
1629.9731 1419.1407
1557.8653 1361.7752
1490.2166 1307.6047
1426.6871 1256.4165
1366.9665 1208.0127
1310.7709 1162.2096
1257.8409 1118.8369
1207.9391 1077.7368
1160.8483 1038.7629
1116.3695 1001.7795
1074.32 966.66045
1034.5324 933.2888
996.85252 901.55614
961.13888 871.3618
927.26124 842.6122
895.09975 815.2203
864.5438 789.10519
835.49128 764.19164
2474.8846 2041.9038
2344.4045 1946.9824
2223.1142 1857.7828
2110.2677 1773.9321
2005.1818 1695.0785
1907.2284 1620.8891
1815.8319 1551.0507
1730.4673 1485.2711
1650.6556 1423.2775
1575.9581 1364.8148
1505.974 1309.6453
1440.3381 1257.5485
1378.7173 1208.3198
1320.8076 1161.769
1266.3308 1117.7193
1215.0331 1076.007
1166.6822 1036.4802
1121.0657 998.99833
1077.9892 963.4307
1037.2741 929.65604
998.75685 897.5619
962.28719 867.044
927.72695 838.00554
894.94916 810.3565
863.83696 784.01319
834.2826 758.89779
806.1866 734.93796
2388.0544 1951.8456
2261.415 1861.1108
2143.7461 1775.8454
2034.3157 1695.693
1932.4536 1620.3173
1837.544 1549.4
1749.0228 1482.642
1666.3758 1419.7636
1589.134 1360.5043
1516.8682 1304.62
1449.1863 1251.8838
1385.7313 1202.0848
1326.1779 1155.0273
1270.2288 1110.5297
1217.6128 1068.4228
1168.0819 1028.5502
1121.4098 990.76673
1077.3893 954.938
1035.8309 920.93908
996.56077 888.65404
959.41963 857.97541
924.26122 828.8035
890.95113 801.04578
859.36591 774.6162
829.39196 749.43476
800.9246 725.42707
773.8672 702.52399
2292.4598 1851.2832
2170.0637 1765.2233
2056.3875 1684.351
1950.7165 1608.3282
1852.3963 1536.836
1760.8258 1469.5726
1675.4548 1406.254
1595.7819 1346.6153
1521.35 1290.4091
1451.7409 1237.4041
1386.5726 1187.3849
1325.4977 1140.1516
1268.1993 1095.5187
1214.3884 1053.3136
1163.8012 1013.3762
1116.1966 975.55788
1071.3547 939.7211
1029.0743 905.73834
989.17145 873.4911
951.47738 842.86944
915.83756 813.77143
882.11015 786.1025
850.1649 759.7749
819.88217 734.70702
791.15195 710.82296
763.87285 688.05219
737.95137 666.3291
2192.0784 1744.7578
2074.148 1663.65
1964.6685 1587.4312
1862.9441 1515.7829
1768.3382 1448.4045
1680.2662 1385.0116
1598.1931 1325.3365
1521.6316 1269.1295
1450.1375 1216.1575
1383.3045 1166.2025
1320.7618 1119.0616
1262.1719 1074.5462
1207.2275 1032.4815
1155.6482 992.70495
1107.1781 955.06557
1061.5836 919.42338
1018.6515 885.6487
978.18698 853.62135
940.0118 823.22966
903.96269 794.37002
869.8901 766.94635
837.65683 740.86953
807.13696 716.05686
778.21485 692.43142
750.78421 669.92168
724.74712 648.46117
700.01332 627.98806
2094.2622 1640.8286
1980.6892 1564.5521
1875.3028 1492.8734
1777.4263 1425.493
1686.4405 1362.1282
1601.7773 1302.5114
1522.9166 1246.391
1449.3851 1193.5321
1380.7514 1143.7155
1316.6208 1096.7363
1256.6336 1052.4034
1200.4621 1010.5397
1147.8083 970.98069
1098.4003 933.57356
1051.9899 898.17624
1008.3509 864.65713
967.27663 832.8943
928.57856 802.77471
892.08407 774.19335
857.63517 747.05278
825.0872 721.26265
794.3075 696.73914
765.17435 673.40447
737.57604 651.18632
711.40987 630.01742
686.58132 609.83523
663.00327 590.58164
2006.1257 1547.8995
1896.4843 1475.9429
1794.7927 1408.3238
1700.3909 1344.7596
1612.6752 1284.9834
1531.0918 1228.743
1455.1344 1175.801
1384.3416 1125.9358
1318.2937 1078.9406
1256.6065 1034.622
1198.9297 992.79996
1144.945 953.30724
1094.3623 915.98871
1046.9176 880.70017
1002.3695 847.30764
960.49836 815.68693
921.10361 785.72303
884.00219 757.3093
849.02665 730.34668
816.02376 704.74324
784.85325 680.41374
755.3866 657.27914
727.5059 635.26605
701.10295 614.30623
676.07837 594.33623
652.34068 575.29708
629.80562 557.13392
1930.3742 1469.2939
1824.1209 1400.9915
1725.6163 1336.8063
1634.214 1276.47
1549.3233 1219.7295
1470.4024 1166.3451
1396.9558 1116.0916
1328.5327 1068.7586
1264.7228 1024.1499
1205.1509 982.0819
1149.4747 942.38364
1097.3836 904.8964
1048.5946 869.47296
1002.8499 835.97643
959.91442 804.27962
919.57388 774.26467
881.63296 745.82238
845.91336 718.85155
812.25205 693.25814
780.49992 668.95489
750.52051 645.86089
722.18884 623.9011
695.39033 603.00588
670.01985 583.11044
645.98086 564.15456
623.18456 546.08225
601.54917 528.84145
1864.7812 1402.4954
1761.473 1337.2983
1665.7412 1276.0312
1576.9509 1218.438
1494.5219 1164.2771
1417.9223 1113.3198
1346.666 1065.3511
1280.3109 1020.1701
1218.4546 977.58944
1160.7294 937.43401
1106.8003 899.54056
1056.3628 863.75761
1009.14 829.94462
964.87988 797.97094
923.35234 767.71516
884.34795 739.06477
847.67585 711.91555
813.1619 686.17089
780.64693 661.74103
749.98539 638.54268
721.04416 616.4986
693.70137 595.53717
667.84532 575.5919
643.37358 556.60097
620.19213 538.50687
598.21449 521.25617
577.36109 504.79918
1804.1579 1341.4227
1703.5831 1279.0646
1610.4253 1220.4655
1524.0597 1165.3802
1443.916 1113.5778
1369.4714 1064.8395
1300.2485 1018.9597
1235.8131 975.74615
1175.7704 935.01977
1119.7595 896.61296
1067.4519 860.36963
1018.549 826.1449
972.77973 793.80435
929.89699 763.22302
889.67557 734.28477
851.9105 706.88201
816.41506 680.91504
783.01898 656.29147
751.56665 632.92545
721.91586 610.73729
693.93658 589.65315
667.50984 569.60451
642.52664 550.52777
618.88706 532.36381
596.49941 515.05763
575.2794 498.55813
555.14948 482.81777
1743.136 1279.683
1645.321 1220.195
1554.7592 1164.293
1470.837 1111.7431
1392.9943 1062.3249
1320.718 1015.8298
1253.5397 972.0615
1191.0335 930.83685
1132.8123 891.98487
1078.5226 855.34572
1027.8423 820.77048
980.47927 788.12094
936.16791 757.26887
894.66652 728.09505
855.75478 700.48869
819.23226 674.34715
784.91645 649.57533
752.64102 626.08506
722.25398 603.79447
693.61648 582.62753
666.60163 562.5138
641.09337 543.38791
616.98543 525.1892
594.18041 507.86125
572.58896 491.35161
552.12898 475.61151
532.72498 460.59562
1678.9239 1213.8814
1584.0172 1157.4523
1496.1873 1104.4247
1414.8331 1054.577
1339.406 1007.6999
1269.4037 963.59561
1204.3677 922.07796
1143.8814 882.97314
1087.5662 846.119
1035.0763 811.36388
986.09698 778.56654
940.34269 747.59587
897.55414 718.33023
857.49526 690.65654
819.95099 664.46972
784.72576 639.67238
751.64156 616.17433
720.53621 593.89194
691.26158 572.74752
663.68237 552.66899
637.67498 533.58951
613.12643 515.44708
589.93329 498.18415
568.00081 481.74722
547.24209 466.08652
527.57731 451.15579
508.93311 436.91203
1613.1572 1145.9193
1521.2333 1092.6496
1436.2025 1042.591
1357.4771 995.53421
1284.5208 951.28173
1216.8427 909.64678
1153.9948 870.45364
1095.5703 833.53824
1041.1996 798.74748
990.54521 765.93823
943.29992 734.97715
899.18523 705.74046
857.94827 678.11333
819.35892 651.98902
783.20756 627.26832
749.30365 603.85932
717.47385 581.67686
687.56028 560.642
659.41873 540.6814
632.91757 521.72701
607.93659 503.71574
584.36594 486.58904
562.10512 470.29261
541.06208 454.77593
521.15239 439.99201
502.29859 425.89719
484.42948 412.45088
1549.628 1080.3703
1460.5936 1030.1479
1378.2734 982.95281
1302.0926 938.58782
1231.527 896.86671
1166.097 857.61336
1105.365 820.66214
1048.9337 785.85835
996.44229 753.05769
947.56129 722.12519
901.99105 692.93515
859.45986 665.37087
819.72113 639.32408
782.55053 614.69415
747.74374 591.38755
715.11514 569.31761
684.4959 548.40403
655.7323 528.57241
628.684 509.75359
603.2229 491.88342
579.2321 474.90241
556.60478 458.75539
535.24328 443.39113
515.05814 428.76202
495.9674 414.82376
477.89581 401.53519
460.7743 388.85802
1491.5784 1021.2076
1405.1985 973.73546
1325.3684 929.12487
1251.5255 887.18937
1183.1565 847.75295
1119.7919 810.64916
1061.0037 775.72143
1006.4034 742.82354
955.63812 711.8191
908.38581 682.58052
864.35367 654.98898
823.27624 628.93417
784.91273 604.31377
749.0441 581.03263
715.47094 559.00235
684.01214 538.141
654.50302 518.37269
626.79372 499.62707
600.74743 481.8388
576.23934 464.94722
553.15556 448.89611
531.39211 433.63331
510.85393 419.11042
491.45398 405.28243
473.11252 392.10745
455.7564 379.54659
439.31846 367.56366
1439.7284 969.38219
1355.7382 924.31925
1278.1504 881.97261
1206.4129 842.16531
1140.0221 804.73029
1078.5178 769.50953
1021.4803 736.3544
968.52903 705.1261
919.31814 675.69513
873.53228 647.9404
830.88474 621.74911
791.11571 597.01655
753.98958 573.64559
719.29209 551.54591
686.82826 530.63361
656.42103 510.83093
627.9095 492.06582
601.14728 474.27153
576.00076 457.386
552.34808 441.35166
530.07809 426.11514
509.08936 411.62693
489.28918 397.84107
470.59271 384.71483
452.92223 372.20847
436.20649 360.28505
420.38009 348.91023
1391.7141 922.07062
1309.953 879.20706
1234.4566 838.92723
1164.6823 801.06279
1100.1359 765.45485
1040.3655 731.95309
984.9595 700.41614
933.54445 670.71197
885.78132 642.71741
841.36094 616.31728
800.00232 591.40428
761.45094 567.87881
725.47604 545.64848
691.86784 524.6274
660.43548 504.73573
631.00572 485.89953
603.42117 468.05027
577.5387 451.12444
553.22771 435.06302
530.36908 419.81125
508.85427 405.31836
488.58421 391.53726
469.46842 378.42423
451.4241 365.93862
434.37545 354.04264
418.25296 342.70116
402.99291 331.88149
1344.689 875.77713
1265.1199 835.06553
1191.6784 796.80795
1123.8322 760.8445
1061.096 727.02426
1003.0266 695.20446
949.22032 665.25084
899.31093 637.03799
852.96615 610.44893
809.883 585.37425
769.78622 561.71203
732.42652 539.3677
697.578 518.25349
665.03531 498.2878
634.61169 479.39484
606.13766 461.50434
579.45934 444.55123
554.43679 428.47519
530.94238 413.22015
508.85974 398.73412
488.08285 384.96887
468.515 371.87966
450.06789 359.42499
432.66074 347.56624
416.21961 336.26752
400.67674 325.49545
385.97001 315.219
1297.4526 828.99973
1220.0892 790.46258
1148.7142 754.24837
1082.8052 720.20578
1021.8867 688.19193
965.52428 658.07169
913.32237 629.71795
864.92229 603.012
819.99867 577.84312
778.25487 554.10774
739.42148 531.70938
703.25459 510.55851
669.53322 490.57206
638.05656 471.6728
608.642 453.78896
581.1239 436.85404
555.35192 420.80645
531.18936 405.58907
508.5116 391.14886
487.20502 377.43657
467.16616 364.40656
448.30069 352.01648
430.52248 340.22705
413.75278 329.00171
397.91953 318.30649
382.9567 308.10979
368.80381 298.38224
1250.817 782.73613
1175.6375 746.34963
1106.307 712.15645
1042.3138 680.01368
983.19173 649.78644
928.5154 621.34711
877.89754 594.57569
830.98701 569.36011
787.46534 545.59581
747.04231 523.185
709.45439 502.0366
674.46305 482.06608
641.85223 463.19499
611.42565 445.35042
583.00488 428.4646
556.4281 412.47476
531.54847 397.32273
508.23255 382.95457
486.35869 369.32021
465.81602 356.37315
446.50361 344.0703
428.32947 332.37167
411.20965 321.24017
395.06741 310.64128
379.83253 300.54291
365.44071 290.91525
351.83306 281.73056
0.00033454177 1526.3943
0.00034490912 1566.897
0.00035555699 1602.6957
0.00036647711 1634.2535
0.00037766153 1661.9845
0.00038910271 1686.2593
0.00040079344 1707.4101
0.00041272687 1725.7355
0.0004248965 1741.5033
0.00043729617 1754.9551
0.00044992003 1766.3081
0.00046276253 1775.7585
0.00047581844 1783.4831
0.00048908279 1789.6421
0.00050255086 1794.3801
0.00051621821 1797.8282
0.00053008059 1800.105
0.00054413399 1801.3184
0.00055837463 1801.566
0.00057279887 1800.9368
0.0005874033 1799.5116
0.00060218465 1797.3638
0.00061713982 1794.5604
0.00063226585 1791.1624
0.00064755993 1787.2255
0.00066301939 1782.8004
0.00067864165 1777.9335
5.0738003 9.9555882e+09 1.3228757
5.0480643 1.1390756e+10 1.3601471
5.0115302 1.2690699e+10 1.396424
4.9669652 1.3849838e+10 1.4317821
4.9165763 1.4869789e+10 1.4662878
4.8621049 1.5756711e+10 1.5
4.8049125 1.6519407e+10 1.532971
4.746055 1.7168007e+10 1.5652476
4.6863457 1.7713084e+10 1.5968719
4.6264058 1.8165092e+10 1.6278821
4.5667056 1.8534014e+10 1.6583124
4.5075976 1.8829166e+10 1.6881943
4.449342 1.9059106e+10 1.7175564
7
