# Fiducial parameters, omega_b = 0.0221, omega_cdm = 0.12, 100*theta_s = 1.0411, tau_reio = 0.09, custom1 = 0.3, custom2 = 0.2, custom3 = 0.032826, custom4 = 4.515, custom5 = -11, sigma_NL = 7, beta_0^Euclid = 1, beta_1^Euclid = 1, Omega_Lambda = 0, Omega_m = 0, H0 = 0, sigma8 = 0
1.5507066e-08
1.7270012e-08
1.8596582e-08
1.9255349e-08
1.9740456e-08
2.0153436e-08
2.0499766e-08
2.0813916e-08
2.1128312e-08
2.1554706e-08
0
2.7501138e-08
2.7821771e-08
2.9276424e-08
3.0350252e-08
3.1264652e-08
3.2031507e-08
3.272712e-08
3.3423296e-08
3.4367511e-08
0
0
3.4205308e-08
3.3702527e-08
3.5219907e-08
3.6514521e-08
3.7600577e-08
3.8585768e-08
3.9571767e-08
4.0909089e-08
0
0
0
3.8662847e-08
3.7956216e-08
3.9527092e-08
4.0846653e-08
4.2043879e-08
4.3242108e-08
4.4867296e-08
0
0
0
0
4.2600706e-08
4.1885347e-08
4.3422862e-08
4.4819099e-08
4.6216679e-08
4.8112273e-08
0
0
0
0
0
4.6491496e-08
4.571075e-08
4.7311732e-08
4.8915319e-08
5.1090471e-08
0
0
0
0
0
0
5.0216108e-08
4.9480965e-08
5.1291749e-08
5.3748982e-08
0
0
0
0
0
0
0
5.4028979e-08
5.3521363e-08
5.6282758e-08
0
0
0
0
0
0
0
0
5.8341118e-08
5.8928138e-08
0
0
0
0
0
0
0
0
0
6.5185661e-08
1.4640364e-08
1.6481307e-08
1.7850048e-08
1.8529944e-08
1.9030621e-08
1.9456858e-08
1.9814307e-08
2.0138544e-08
2.0463036e-08
2.0903128e-08
0
2.702221e-08
2.7503963e-08
2.9046817e-08
3.0186537e-08
3.1157124e-08
3.1971106e-08
3.2709471e-08
3.3448435e-08
3.445069e-08
0
0
3.4162672e-08
3.3832161e-08
3.548335e-08
3.6893028e-08
3.8075725e-08
3.9148594e-08
4.0222345e-08
4.1678696e-08
0
0
0
3.9039668e-08
3.8534025e-08
4.0280636e-08
4.1748443e-08
4.3080238e-08
4.4413158e-08
4.622104e-08
0
0
0
0
4.3446135e-08
4.297079e-08
4.4712922e-08
4.6295334e-08
4.787931e-08
5.0027737e-08
0
0
0
0
0
4.7883371e-08
4.7368551e-08
4.921304e-08
5.1060753e-08
5.3567079e-08
0
0
0
0
0
0
5.2199993e-08
5.1767078e-08
5.3882172e-08
5.6752502e-08
0
0
0
0
0
0
0
5.6677712e-08
5.6538785e-08
5.9802091e-08
0
0
0
0
0
0
0
0
6.1799902e-08
6.2993473e-08
0
0
0
0
0
0
0
0
0
7.0022604e-08
1.3433203e-08
1.5215623e-08
1.6593546e-08
1.7278087e-08
1.7782191e-08
1.8211347e-08
1.8571245e-08
1.8897704e-08
1.9224422e-08
1.9667537e-08
0
2.5916059e-08
2.6520463e-08
2.8126926e-08
2.9314115e-08
3.03252e-08
3.1173154e-08
3.1942338e-08
3.2712149e-08
3.3756248e-08
0
0
3.3375845e-08
3.3160472e-08
3.4902299e-08
3.6390401e-08
3.7639053e-08
3.8771766e-08
3.9905414e-08
4.1443011e-08
0
0
0
3.8532158e-08
3.8165487e-08
4.0035931e-08
4.1608765e-08
4.303597e-08
4.4464392e-08
4.6401817e-08
0
0
0
0
4.3271427e-08
4.2976579e-08
4.4874839e-08
4.6599744e-08
4.8326438e-08
5.0668456e-08
0
0
0
0
0
4.8134109e-08
4.7837943e-08
4.9884386e-08
5.1934902e-08
5.4716386e-08
0
0
0
0
0
0
5.2954061e-08
5.2789763e-08
5.5176743e-08
5.841642e-08
0
0
0
0
0
0
0
5.8041258e-08
5.8253133e-08
6.199533e-08
0
0
0
0
0
0
0
0
6.3957876e-08
6.5766325e-08
0
0
0
0
0
0
0
0
0
7.3632355e-08
1.2325225e-08
1.3935603e-08
1.5286665e-08
1.5958272e-08
1.6452854e-08
1.6873904e-08
1.7227005e-08
1.75473e-08
1.786785e-08
1.8302603e-08
0
2.45985e-08
2.5291592e-08
2.6945088e-08
2.8166978e-08
2.9207634e-08
3.0080393e-08
3.087208e-08
3.1664415e-08
3.2739068e-08
0
0
3.2331186e-08
3.2213512e-08
3.4028686e-08
3.5579856e-08
3.6881534e-08
3.8062363e-08
3.924417e-08
4.0847094e-08
0
0
0
3.7713288e-08
3.7447425e-08
3.9407126e-08
4.1055808e-08
4.2551958e-08
4.4049398e-08
4.6080443e-08
0
0
0
0
4.2685008e-08
4.2513578e-08
4.4519866e-08
4.6343756e-08
4.8169652e-08
5.0646241e-08
0
0
0
0
0
4.7838133e-08
4.7695801e-08
4.9886211e-08
5.2081741e-08
5.506003e-08
0
0
0
0
0
0
5.3020093e-08
5.3058066e-08
5.5651835e-08
5.917286e-08
0
0
0
0
0
0
0
5.8581099e-08
5.9079054e-08
6.321413e-08
0
0
0
0
0
0
0
0
6.5170747e-08
6.7525353e-08
0
0
0
0
0
0
0
0
0
7.6207848e-08
1.0894679e-08
1.2184211e-08
1.3459256e-08
1.40936e-08
1.4560757e-08
1.495846e-08
1.5291982e-08
1.5594519e-08
1.5897298e-08
1.6307951e-08
0
2.2511556e-08
2.3184212e-08
2.4836178e-08
2.6057366e-08
2.7097431e-08
2.7969697e-08
2.8760938e-08
2.9552829e-08
3.0626888e-08
0
0
3.0306617e-08
3.0256681e-08
3.2123161e-08
3.371799e-08
3.5056291e-08
3.6270347e-08
3.7485414e-08
3.9133457e-08
0
0
0
3.5871955e-08
3.5692986e-08
3.7726674e-08
3.9437577e-08
4.0990231e-08
4.2544233e-08
4.4652003e-08
0
0
0
0
4.1044041e-08
4.0970289e-08
4.3059857e-08
4.4959818e-08
4.6861952e-08
4.9441962e-08
0
0
0
0
0
4.6416362e-08
4.6381618e-08
4.8672473e-08
5.0969315e-08
5.4085136e-08
0
0
0
0
0
0
5.1843158e-08
5.2015626e-08
5.4748111e-08
5.8458256e-08
0
0
0
0
0
0
0
5.771861e-08
5.8411466e-08
6.2816753e-08
0
0
0
0
0
0
0
0
6.4779286e-08
6.7536103e-08
0
0
0
0
0
0
0
0
0
7.6888905e-08
9.6590429e-09
1.059543e-08
1.1777195e-08
1.2365537e-08
1.2798829e-08
1.3167703e-08
1.3477049e-08
1.3757657e-08
1.403849e-08
1.441938e-08
0
2.0458246e-08
2.1034939e-08
2.2643947e-08
2.3834344e-08
2.4848284e-08
2.5698646e-08
2.6470019e-08
2.7242029e-08
2.8289126e-08
0
0
2.8104953e-08
2.8054235e-08
2.9926785e-08
3.1527698e-08
3.2871165e-08
3.4089909e-08
3.5309672e-08
3.696409e-08
0
0
0
3.3718513e-08
3.3592755e-08
3.5674569e-08
3.7426023e-08
3.9015456e-08
4.0606272e-08
4.2763983e-08
0
0
0
0
3.9043879e-08
3.9060495e-08
4.1226023e-08
4.3194824e-08
4.5165863e-08
4.7839345e-08
0
0
0
0
0
4.4634653e-08
4.4707015e-08
4.7094892e-08
4.9488951e-08
5.2736685e-08
0
0
0
0
0
0
5.0301222e-08
5.0594562e-08
5.3449111e-08
5.7325292e-08
0
0
0
0
0
0
0
5.644312e-08
5.7287328e-08
6.1901469e-08
0
0
0
0
0
0
0
0
6.3849647e-08
6.6890879e-08
0
0
0
0
0
0
0
0
0
7.6714973e-08
8.4800528e-09
8.9811832e-09
1.0035506e-08
1.0560923e-08
1.0947886e-08
1.1277321e-08
1.1553592e-08
1.1804198e-08
1.2055007e-08
1.2395175e-08
0
1.8148571e-08
1.8530609e-08
2.0046604e-08
2.1168684e-08
2.2124503e-08
2.2926131e-08
2.3653299e-08
2.4381068e-08
2.5368165e-08
0
0
2.5414459e-08
2.5281734e-08
2.709606e-08
2.8648325e-08
2.9951181e-08
3.1133102e-08
3.2316014e-08
3.3920455e-08
0
0
0
3.0878512e-08
3.0712682e-08
3.2765322e-08
3.4493555e-08
3.6062052e-08
3.7631923e-08
3.9761234e-08
0
0
0
0
3.6152446e-08
3.6174606e-08
3.8349597e-08
4.0327648e-08
4.2307987e-08
4.4994093e-08
0
0
0
0
0
4.1800281e-08
4.1927883e-08
4.4367938e-08
4.6814351e-08
5.0133097e-08
0
0
0
0
0
0
4.7624909e-08
4.8015539e-08
5.0967517e-08
5.4975764e-08
0
0
0
0
0
0
0
5.400374e-08
5.4986894e-08
5.9789098e-08
0
0
0
0
0
0
0
0
6.1727967e-08
6.5012318e-08
0
0
0
0
0
0
0
0
0
7.5178502e-08
7.4265043e-09
7.4972478e-09
8.4167397e-09
8.8754023e-09
9.2132162e-09
9.5008088e-09
9.7419913e-09
9.9607681e-09
1.0179722e-08
1.0476688e-08
0
1.5884804e-08
1.6002311e-08
1.7388621e-08
1.8415603e-08
1.9290495e-08
2.0024256e-08
2.0689863e-08
2.1356021e-08
2.2259554e-08
0
0
2.2578632e-08
2.2303824e-08
2.401632e-08
2.5482112e-08
2.6712464e-08
2.7828621e-08
2.8945717e-08
3.0460893e-08
0
0
0
2.7764761e-08
2.7504926e-08
2.9478069e-08
3.1139843e-08
3.2648139e-08
3.4157772e-08
3.6205385e-08
0
0
0
0
3.2859474e-08
3.2811051e-08
3.4928716e-08
3.6855566e-08
3.8784807e-08
4.1401622e-08
0
0
0
0
0
3.8378826e-08
3.8466212e-08
4.0874065e-08
4.3289283e-08
4.6565833e-08
0
0
0
0
0
0
4.4151283e-08
4.4545188e-08
4.7505133e-08
5.1524929e-08
0
0
0
0
0
0
0
5.0586537e-08
5.1636808e-08
5.6533157e-08
0
0
0
0
0
0
0
0
5.851995e-08
6.2005119e-08
0
0
0
0
0
0
0
0
0
7.2520167e-08
6.4696337e-09
6.0968578e-09
6.8701932e-09
7.2563407e-09
7.5407595e-09
7.7828957e-09
7.9859576e-09
8.1701553e-09
8.3545024e-09
8.604532e-09
0
1.3604261e-08
1.3386681e-08
1.4605477e-08
1.550911e-08
1.6279005e-08
1.6924716e-08
1.7510451e-08
1.8096672e-08
1.8891787e-08
0
0
1.953123e-08
1.9039638e-08
2.0592994e-08
2.1923718e-08
2.3040893e-08
2.4054393e-08
2.5068746e-08
2.6444571e-08
0
0
0
2.4259829e-08
2.3826223e-08
2.5653894e-08
2.7194265e-08
2.8592471e-08
2.9991924e-08
3.1890097e-08
0
0
0
0
2.9003509e-08
2.8811672e-08
3.0810928e-08
3.263045e-08
3.4452273e-08
3.6923398e-08
0
0
0
0
0
3.424465e-08
3.4222393e-08
3.6530824e-08
3.8846626e-08
4.1988394e-08
0
0
0
0
0
0
3.9806231e-08
4.0108827e-08
4.2978726e-08
4.6877108e-08
0
0
0
0
0
0
0
4.6069851e-08
4.7047883e-08
5.1851805e-08
0
0
0
0
0
0
0
0
5.3897943e-08
5.7368098e-08
0
0
0
0
0
0
0
0
0
6.8065204e-08
5.6748184e-09
4.9185476e-09
5.5603609e-09
5.8810764e-09
6.1173111e-09
6.3184269e-09
6.4870881e-09
6.6400811e-09
6.7931984e-09
7.0008715e-09
0
1.1606586e-08
1.1042409e-08
1.2084623e-08
1.2858018e-08
1.3517032e-08
1.4069755e-08
1.457114e-08
1.5072942e-08
1.5753556e-08
0
0
1.6699697e-08
1.5952588e-08
1.7316975e-08
1.8486818e-08
1.9469069e-08
2.0360177e-08
2.1252039e-08
2.2461723e-08
0
0
0
2.0871036e-08
2.0214032e-08
2.1851444e-08
2.3232247e-08
2.4485735e-08
2.5740355e-08
2.7442086e-08
0
0
0
0
2.5142116e-08
2.4737902e-08
2.6559483e-08
2.8218214e-08
2.9879193e-08
3.213216e-08
0
0
0
0
0
2.9940612e-08
2.9728463e-08
3.1866934e-08
3.4013175e-08
3.6924992e-08
0
0
0
0
0
0
3.5119236e-08
3.5254264e-08
3.7958459e-08
4.1632191e-08
0
0
0
0
0
0
0
4.1058082e-08
4.1882928e-08
4.6478927e-08
0
0
0
0
0
0
0
0
4.8593506e-08
5.1874372e-08
0
0
0
0
0
0
0
0
0
6.2439172e-08
5.0195143e-09
3.925883e-09
4.4500835e-09
4.712148e-09
4.9051876e-09
5.0695301e-09
5.2073524e-09
5.3323713e-09
5.457492e-09
5.6271935e-09
0
9.8697005e-09
8.9703717e-09
9.8389234e-09
1.0483942e-08
1.103363e-08
1.1494665e-08
1.1912879e-08
1.2331441e-08
1.2899155e-08
0
0
1.412679e-08
1.3106273e-08
1.4266172e-08
1.5261507e-08
1.6097372e-08
1.6855692e-08
1.7614653e-08
1.8644078e-08
0
0
0
1.7684078e-08
1.6768343e-08
1.818403e-08
1.9378754e-08
2.0463451e-08
2.1549139e-08
2.3021737e-08
0
0
0
0
2.1391815e-08
2.0725345e-08
2.2326843e-08
2.3785964e-08
2.5247156e-08
2.7229142e-08
0
0
0
0
0
2.5630154e-08
2.5168257e-08
2.7080128e-08
2.8999516e-08
3.1603652e-08
0
0
0
0
0
0
3.0284363e-08
3.0169655e-08
3.2623947e-08
3.5959025e-08
0
0
0
0
0
0
0
3.5702539e-08
3.6258744e-08
4.0493365e-08
0
0
0
0
0
0
0
0
4.2692645e-08
4.5614873e-08
0
0
0
0
0
0
0
0
0
5.5863142e-08
4.4637304e-09
3.082398e-09
3.5073901e-09
3.7199116e-09
3.8764602e-09
4.0097367e-09
4.1215062e-09
4.2228927e-09
4.3243618e-09
4.461985e-09
0
8.4014184e-09
7.2156134e-09
7.9333279e-09
8.4665516e-09
8.9210015e-09
9.3021625e-09
9.6479217e-09
9.9939688e-09
1.0463328e-08
0
0
1.1925327e-08
1.0651125e-08
1.1619169e-08
1.2450396e-08
1.3148544e-08
1.3781932e-08
1.4415858e-08
1.527569e-08
0
0
0
1.4898324e-08
1.3725781e-08
1.4919842e-08
1.5928186e-08
1.6843762e-08
1.7760184e-08
1.9003195e-08
0
0
0
0
1.8033206e-08
1.7090095e-08
1.8457648e-08
1.9704237e-08
2.0952691e-08
2.2646125e-08
0
0
0
0
0
2.1664491e-08
2.0920348e-08
2.2575018e-08
2.4236879e-08
2.6491717e-08
0
0
0
0
0
0
2.5709021e-08
2.5294689e-08
2.7449022e-08
3.0377317e-08
0
0
0
0
0
0
0
3.0488362e-08
3.0705652e-08
3.4480712e-08
0
0
0
0
0
0
0
0
3.6762378e-08
3.9171607e-08
0
0
0
0
0
0
0
0
0
4.8840413e-08
4.0297561e-09
2.3939522e-09
2.7298892e-09
2.8979798e-09
3.0218017e-09
3.1272168e-09
3.2156209e-09
3.2958126e-09
3.3760698e-09
3.4849232e-09
0
7.1506248e-09
5.7119667e-09
6.2962825e-09
6.7304831e-09
7.100554e-09
7.4109458e-09
7.692509e-09
7.9743069e-09
8.3565225e-09
0
0
1.0029498e-08
8.5288649e-09
9.3242241e-09
1.0007406e-08
1.0581262e-08
1.1101894e-08
1.1622967e-08
1.2329732e-08
0
0
0
1.2474901e-08
1.1064021e-08
1.2050906e-08
1.2884663e-08
1.3641774e-08
1.4399591e-08
1.5427475e-08
0
0
0
0
1.5069179e-08
1.3857228e-08
1.4995976e-08
1.603443e-08
1.707451e-08
1.8485308e-08
0
0
0
0
0
1.8098733e-08
1.7066272e-08
1.8457092e-08
1.9854489e-08
2.1750573e-08
0
0
0
0
0
0
2.1507806e-08
2.0772241e-08
2.2603331e-08
2.5092863e-08
0
0
0
0
0
0
0
2.5585781e-08
2.5417063e-08
2.8666839e-08
0
0
0
0
0
0
0
0
3.1017166e-08
3.2801442e-08
0
0
0
0
0
0
0
0
0
4.1706979e-08
3.689279e-09
1.8430515e-09
2.1029589e-09
2.2331499e-09
2.3290571e-09
2.4107071e-09
2.4791813e-09
2.5412945e-09
2.6034583e-09
2.6877716e-09
0
6.1112084e-09
4.4516211e-09
4.9203556e-09
5.2687742e-09
5.5657422e-09
5.814821e-09
6.040766e-09
6.2668995e-09
6.5736153e-09
0
0
8.4334471e-09
6.7409665e-09
7.3896326e-09
7.9468757e-09
8.4149618e-09
8.8396353e-09
9.2646698e-09
9.8411717e-09
0
0
0
1.0432608e-08
8.8185128e-09
9.627797e-09
1.0311618e-08
1.0932599e-08
1.1554162e-08
1.2397236e-08
0
0
0
0
1.25626e-08
1.1115415e-08
1.2052779e-08
1.2907764e-08
1.3764124e-08
1.4925722e-08
0
0
0
0
0
1.5058738e-08
1.3764484e-08
1.4914468e-08
1.6070178e-08
1.7638367e-08
0
0
0
0
0
0
1.7881091e-08
1.6840986e-08
1.8364241e-08
2.0435633e-08
0
0
0
0
0
0
0
2.1280634e-08
2.0727713e-08
2.3453195e-08
0
0
0
0
0
0
0
0
2.5852838e-08
2.6979981e-08
0
0
0
0
0
0
0
0
0
3.5012525e-08
3.4300016e-09
1.4201365e-09
1.6184416e-09
1.7178646e-09
1.7911103e-09
1.8534677e-09
1.9057625e-09
1.9531993e-09
2.0006748e-09
2.0650662e-09
0
5.2799763e-09
3.4224702e-09
3.7881105e-09
4.0601381e-09
4.2920166e-09
4.4865038e-09
4.6629277e-09
4.8394989e-09
5.0789911e-09
0
0
7.0997044e-09
5.2370264e-09
5.7564083e-09
6.2027543e-09
6.5777058e-09
6.917884e-09
7.2583517e-09
7.7201505e-09
0
0
0
8.7071506e-09
6.9179282e-09
7.5743125e-09
8.1290057e-09
8.632734e-09
9.1369355e-09
9.8208238e-09
0
0
0
0
1.0440017e-08
8.7925831e-09
9.5581087e-09
1.02564e-08
1.0955825e-08
1.1904553e-08
0
0
0
0
0
1.2482449e-08
1.0964057e-08
1.190707e-08
1.2854857e-08
1.4140933e-08
0
0
0
0
0
0
1.4799463e-08
1.3493091e-08
1.4746144e-08
1.6450259e-08
0
0
0
0
0
0
0
1.759881e-08
1.6699075e-08
1.8949619e-08
0
0
0
0
0
0
0
0
2.1380923e-08
2.1886762e-08
0
0
0
0
0
0
0
0
0
2.9037429e-08
3.233157e-09
1.0998339e-09
1.2513364e-09
1.3272811e-09
1.383232e-09
1.4308657e-09
1.4708126e-09
1.5070487e-09
1.5433143e-09
1.5925016e-09
0
4.6454768e-09
2.6240294e-09
2.9025765e-09
3.1100371e-09
3.2869068e-09
3.435258e-09
3.569831e-09
3.7045162e-09
3.8871964e-09
0
0
6.031732e-09
4.0151508e-09
4.4180524e-09
4.7646502e-09
5.0558568e-09
5.3200601e-09
5.5844884e-09
5.9431501e-09
0
0
0
7.2822038e-09
5.3344732e-09
5.8532628e-09
6.2919206e-09
6.6903003e-09
7.0890562e-09
7.6299208e-09
0
0
0
0
8.6578346e-09
6.8332912e-09
7.4473972e-09
8.0076828e-09
8.5688909e-09
9.3301371e-09
0
0
0
0
0
1.0302983e-08
8.5910623e-09
9.3554859e-09
1.0123832e-08
1.1166427e-08
0
0
0
0
0
0
1.2186884e-08
1.0653488e-08
1.1675803e-08
1.3066163e-08
0
0
0
0
0
0
0
1.4475389e-08
1.3279242e-08
1.5122945e-08
0
0
0
0
0
0
0
0
1.7578373e-08
1.7542078e-08
0
0
0
0
0
0
0
0
0
2.3890496e-08
3.0834931e-09
8.5627798e-10
9.7240335e-10
1.0306e-09
1.0734743e-09
1.1099752e-09
1.140586e-09
1.1683531e-09
1.1961429e-09
1.2338342e-09
0
4.1658947e-09
2.0217672e-09
2.233684e-09
2.3915254e-09
2.5261037e-09
2.6389842e-09
2.7413809e-09
2.843863e-09
2.9828644e-09
0
0
5.2192227e-09
3.0755331e-09
3.3809235e-09
3.6438896e-09
3.8648797e-09
4.0653821e-09
4.2660555e-09
4.5382422e-09
0
0
0
6.1659586e-09
4.0777204e-09
4.4743814e-09
4.8101109e-09
5.1150587e-09
5.420298e-09
5.8343187e-09
0
0
0
0
7.219579e-09
5.2336876e-09
5.7103568e-09
6.1455243e-09
6.5814428e-09
7.1727434e-09
0
0
0
0
0
8.5014569e-09
6.6139006e-09
7.2169185e-09
7.8232265e-09
8.6459677e-09
0
0
0
0
0
0
9.9946366e-09
8.2593874e-09
9.0771076e-09
1.0189342e-08
0
0
0
0
0
0
0
1.1833488e-08
1.0379962e-08
1.1870633e-08
0
0
0
0
0
0
0
0
1.4352339e-08
1.3852962e-08
0
0
0
0
0
0
0
0
0
1.9516119e-08
2.9688248e-09
6.7046827e-10
7.5939627e-10
8.0396921e-10
8.3680659e-10
8.6476262e-10
8.8820734e-10
9.0947411e-10
9.3075817e-10
9.596258e-10
0
3.7973056e-09
1.5592558e-09
1.720801e-09
1.8410712e-09
1.9436083e-09
2.0296133e-09
2.1076304e-09
2.1857127e-09
2.2916194e-09
0
0
4.6005921e-09
2.3625555e-09
2.5944607e-09
2.7940868e-09
2.9618509e-09
3.1140634e-09
3.2664058e-09
3.4730379e-09
0
0
0
5.3191558e-09
3.1205825e-09
3.4200126e-09
3.67354e-09
3.903848e-09
4.1343791e-09
4.447067e-09
0
0
0
0
6.113189e-09
3.9912597e-09
4.3512426e-09
4.6801028e-09
5.0095681e-09
5.4564735e-09
0
0
0
0
0
7.0809592e-09
5.0369431e-09
5.4960995e-09
5.9580364e-09
6.584907e-09
0
0
0
0
0
0
8.2205863e-09
6.3008189e-09
6.9319826e-09
7.790753e-09
0
0
0
0
0
0
0
9.6464872e-09
7.9577478e-09
9.1267127e-09
0
0
0
0
0
0
0
0
1.1634901e-08
1.0721334e-08
0
0
0
0
0
0
0
0
0
1.5791083e-08
2.8802704e-09
5.2917411e-10
5.9796805e-10
6.3243051e-10
6.5781938e-10
6.7943415e-10
6.9756089e-10
7.140037e-10
7.3045986e-10
7.5277937e-10
0
3.5201133e-09
1.2097704e-09
1.3324573e-09
1.4238344e-09
1.5017397e-09
1.5670839e-09
1.6263591e-09
1.6856838e-09
1.7661486e-09
0
0
4.128867e-09
1.8187114e-09
1.9951308e-09
2.1469616e-09
2.2745457e-09
2.3903015e-09
2.5061561e-09
2.6632972e-09
0
0
0
4.6759077e-09
2.3965484e-09
2.6245068e-09
2.8174149e-09
2.9926437e-09
3.1680417e-09
3.4059483e-09
0
0
0
0
5.2807208e-09
3.0582222e-09
3.330888e-09
3.5799325e-09
3.8294378e-09
4.1678819e-09
0
0
0
0
0
6.0128184e-09
3.8467369e-09
4.1925277e-09
4.5404828e-09
5.0126931e-09
0
0
0
0
0
0
6.8695013e-09
4.7960092e-09
5.2709374e-09
5.9173388e-09
0
0
0
0
0
0
0
7.9422269e-09
6.0461807e-09
6.9313962e-09
0
0
0
0
0
0
0
0
9.4534917e-09
8.162237e-09
0
0
0
0
0
0
0
0
0
1.268729e-08
2.81091e-09
4.2033074e-10
4.741712e-10
5.011297e-10
5.2098961e-10
5.3789727e-10
5.520765e-10
5.6493851e-10
5.7781095e-10
5.9526984e-10
0
3.3108896e-09
9.4764613e-10
1.0415854e-09
1.1115186e-09
1.1711418e-09
1.2211518e-09
1.2665171e-09
1.3119202e-09
1.3735024e-09
0
0
3.7757077e-09
1.4098832e-09
1.5432684e-09
1.6581131e-09
1.7546272e-09
1.8421939e-09
1.9298352e-09
2.0487087e-09
0
0
0
4.1883434e-09
1.8453695e-09
2.0176465e-09
2.1634863e-09
2.2959603e-09
2.4285616e-09
2.6084194e-09
0
0
0
0
4.6453059e-09
2.3465388e-09
2.5534793e-09
2.742458e-09
2.9317758e-09
3.188577e-09
0
0
0
0
0
5.2016808e-09
2.9464498e-09
3.2091821e-09
3.4734705e-09
3.8321263e-09
0
0
0
0
0
0
5.8528784e-09
3.6666209e-09
4.0259598e-09
4.5149748e-09
0
0
0
0
0
0
0
6.6632441e-09
4.6079383e-09
5.273591e-09
0
0
0
0
0
0
0
0
7.796891e-09
6.1933261e-09
0
0
0
0
0
0
0
0
0
1.0231082e-08
2.7554757e-09
3.3478238e-10
3.7733568e-10
3.9862987e-10
4.1431661e-10
4.2767144e-10
4.3887116e-10
4.4903045e-10
4.5919798e-10
4.7298818e-10
0
3.1499346e-09
7.4714627e-10
8.1971898e-10
8.7372673e-10
9.1976808e-10
9.5838569e-10
9.9341659e-10
1.0284767e-09
1.0760302e-09
0
0
3.5079013e-09
1.1014366e-09
1.2032305e-09
1.2908154e-09
1.3644136e-09
1.4311887e-09
1.4980206e-09
1.5886691e-09
0
0
0
3.8223621e-09
1.4318534e-09
1.562031e-09
1.6722154e-09
1.772306e-09
1.8724934e-09
2.0083856e-09
0
0
0
0
4.1668776e-09
1.8082561e-09
1.9636011e-09
2.1055165e-09
2.2476951e-09
2.4405542e-09
0
0
0
0
0
4.5836469e-09
2.2576159e-09
2.4549566e-09
2.6535179e-09
2.9229795e-09
0
0
0
0
0
0
5.0728696e-09
2.8001247e-09
3.0713666e-09
3.440474e-09
0
0
0
0
0
0
0
5.6856972e-09
3.5132812e-09
4.0172746e-09
0
0
0
0
0
0
0
0
6.5445415e-09
4.7120881e-09
0
0
0
0
0
0
0
0
0
8.3734274e-09
2.7105303e-09
2.6647255e-10
3.0042105e-10
3.1740044e-10
3.2990824e-10
3.4055667e-10
3.4948673e-10
3.5758721e-10
3.6569426e-10
3.7668983e-10
0
3.0247662e-09
5.9273043e-10
6.4947661e-10
6.9168302e-10
7.2766174e-10
7.5783907e-10
7.8521359e-10
8.1261088e-10
8.4977099e-10
0
0
3.3038009e-09
8.6714293e-10
9.4553628e-10
1.0129724e-09
1.0696358e-09
1.1210456e-09
1.172499e-09
1.2422886e-09
0
0
0
3.5453922e-09
1.1200495e-09
1.219526e-09
1.3036933e-09
1.3801427e-09
1.4566654e-09
1.560459e-09
0
0
0
0
3.8081959e-09
1.4064382e-09
1.5243443e-09
1.6320041e-09
1.7398577e-09
1.8861564e-09
0
0
0
0
0
4.1240509e-09
1.7456019e-09
1.8940547e-09
2.0434079e-09
2.2460935e-09
0
0
0
0
0
0
4.4911126e-09
2.1510345e-09
2.3535995e-09
2.6293032e-09
0
0
0
0
0
0
0
4.9476565e-09
2.6820135e-09
3.0580616e-09
0
0
0
0
0
0
0
0
5.5889331e-09
3.5801811e-09
0
0
0
0
0
0
0
0
0
6.9666356e-09
2.6737068e-09
2.1104056e-10
2.382588e-10
2.5186635e-10
2.6189004e-10
2.7042364e-10
2.7758014e-10
2.8407182e-10
2.9056877e-10
2.9938058e-10
0
2.9253895e-09
4.7127964e-10
5.1612531e-10
5.4946381e-10
5.7788089e-10
6.017156e-10
6.2333657e-10
6.4497553e-10
6.7432535e-10
0
0
3.1453336e-09
6.8634366e-10
7.4742443e-10
7.9993688e-10
8.4405546e-10
8.8408312e-10
9.2414481e-10
9.7848292e-10
0
0
0
3.3331789e-09
8.8205695e-10
9.5873877e-10
1.0235932e-09
1.0824985e-09
1.1414602e-09
1.2214344e-09
0
0
0
0
3.535277e-09
1.1013031e-09
1.1913587e-09
1.2735821e-09
1.3559517e-09
1.467682e-09
0
0
0
0
0
3.7759036e-09
1.358929e-09
1.4716192e-09
1.5849723e-09
1.7387968e-09
0
0
0
0
0
0
4.0540646e-09
1.6655607e-09
1.8185263e-09
2.0266669e-09
0
0
0
0
0
0
0
4.3982776e-09
2.0644103e-09
2.3461211e-09
0
0
0
0
0
0
0
0
4.8768892e-09
2.7315077e-09
0
0
0
0
0
0
0
0
0
5.8970956e-09
2.6434486e-09
1.6561979e-10
1.8744412e-10
1.9835247e-10
2.0638772e-10
2.1322846e-10
2.1896529e-10
2.2416919e-10
2.2937732e-10
2.3644111e-10
0
2.8451772e-09
3.7410433e-10
4.098512e-10
4.364134e-10
4.5905284e-10
4.7804143e-10
4.9526637e-10
5.1250565e-10
5.3588801e-10
0
0
3.0202225e-09
5.4450253e-10
5.926342e-10
6.3399292e-10
6.6873722e-10
7.0025949e-10
7.3180853e-10
7.7460042e-10
0
0
0
3.1679866e-09
6.9777721e-10
7.5762107e-10
8.0821374e-10
8.5416202e-10
9.0015381e-10
9.6253593e-10
0
0
0
0
3.3253538e-09
8.6780263e-10
9.3745054e-10
1.0010153e-09
1.0646891e-09
1.151059e-09
0
0
0
0
0
3.5110173e-09
1.0657457e-09
1.1520777e-09
1.238894e-09
1.3567053e-09
0
0
0
0
0
0
3.7235401e-09
1.2989787e-09
1.4150964e-09
1.5730934e-09
0
0
0
0
0
0
0
3.984031e-09
1.599849e-09
1.8122815e-09
0
0
0
0
0
0
0
0
4.34413e-09
2.1006803e-09
0
0
0
0
0
0
0
0
0
5.1052961e-09
2.6187005e-09
1.2831205e-10
1.457183e-10
1.5441812e-10
1.6082647e-10
1.6628217e-10
1.7085748e-10
1.7500775e-10
1.7916141e-10
1.8479502e-10
0
2.7796387e-09
2.9517208e-10
3.2377656e-10
3.4502448e-10
3.6313346e-10
3.7832208e-10
3.9209998e-10
4.0588935e-10
4.2459247e-10
0
0
2.9196638e-09
4.3113543e-10
4.6938467e-10
5.0223699e-10
5.2983264e-10
5.5486893e-10
5.7992646e-10
6.1391352e-10
0
0
0
3.0369623e-09
5.5239525e-10
5.9958943e-10
6.3947017e-10
6.7568715e-10
7.1193818e-10
7.6110817e-10
0
0
0
0
3.1608478e-09
6.8573969e-10
7.4020293e-10
7.8989197e-10
8.3966373e-10
9.0717619e-10
0
0
0
0
0
3.3057124e-09
8.395468e-10
9.0645701e-10
9.7372672e-10
1.0650103e-09
0
0
0
0
0
0
3.469992e-09
1.0191265e-09
1.1083542e-09
1.2297383e-09
0
0
0
0
0
0
0
3.6695983e-09
1.2487187e-09
1.4104685e-09
0
0
0
0
0
0
0
0
3.9426977e-09
1.6264523e-09
0
0
0
0
0
0
0
0
0
4.5122639e-09
2.5986955e-09
9.7834202e-11
1.1157225e-10
1.1843992e-10
1.2349871e-10
1.2780547e-10
1.3141724e-10
1.346935e-10
1.3797243e-10
1.4241966e-10
0
2.7258395e-09
2.3053063e-10
2.5338669e-10
2.7036173e-10
2.8482857e-10
2.9696233e-10
3.0796912e-10
3.1898509e-10
3.3392652e-10
0
0
2.8378344e-09
3.3924972e-10
3.6976747e-10
3.9597067e-10
4.1797946e-10
4.3794688e-10
4.5793124e-10
4.8503726e-10
0
0
0
2.9313998e-09
4.3578307e-10
4.7326398e-10
5.0492516e-10
5.3367589e-10
5.6245348e-10
6.0148668e-10
0
0
0
0
3.0296847e-09
5.412766e-10
5.8425924e-10
6.2346172e-10
6.6272745e-10
7.1598892e-10
0
0
0
0
0
3.1438251e-09
6.6205101e-10
7.1446393e-10
7.6714378e-10
8.3862697e-10
0
0
0
0
0
0
3.2722271e-09
8.0187992e-10
8.7119436e-10
9.6547064e-10
0
0
0
0
0
0
0
3.4268511e-09
9.7894966e-10
1.1034345e-09
0
0
0
0
0
0
0
0
3.6361944e-09
1.2670414e-09
0
0
0
0
0
0
0
0
0
4.0666998e-09
2.5828057e-09
7.3245025e-11
8.3927589e-11
8.9269895e-11
9.3205134e-11
9.6555373e-11
9.9364982e-11
1.0191359e-10
1.0446429e-10
1.0792382e-10
0
2.6818268e-09
1.7757651e-10
1.9571394e-10
2.0918462e-10
2.2066479e-10
2.3029353e-10
2.3902797e-10
2.4776969e-10
2.5962649e-10
0
0
2.7708945e-09
2.6421685e-10
2.8853485e-10
3.0941125e-10
3.2694513e-10
3.4285262e-10
3.587736e-10
3.8036822e-10
0
0
0
2.845498e-09
3.4116144e-10
3.7099746e-10
3.9619457e-10
4.1907437e-10
4.4197545e-10
4.730379e-10
0
0
0
0
2.9237205e-09
4.2499947e-10
4.5909954e-10
4.901928e-10
5.2133487e-10
5.6357702e-10
0
0
0
0
0
3.0141966e-09
5.205133e-10
5.618813e-10
6.0344993e-10
6.5985442e-10
0
0
0
0
0
0
3.1153852e-09
6.3037573e-10
6.8472316e-10
7.5862963e-10
0
0
0
0
0
0
0
3.2363456e-09
7.6837277e-10
8.6519585e-10
0
0
0
0
0
0
0
0
3.3985908e-09
9.9052605e-10
0
0
0
0
0
0
0
0
0
3.727281e-09
2.5704565e-09
5.3764056e-11
6.1919291e-11
6.6000063e-11
6.9006099e-11
7.1565271e-11
7.371147e-11
7.5658301e-11
7.7606725e-11
8.02494e-11
0
2.6462088e-09
1.3451996e-10
1.4874303e-10
1.593085e-10
1.683129e-10
1.7586514e-10
1.8271596e-10
1.8957248e-10
1.9887232e-10
0
0
2.7162769e-09
2.0296278e-10
2.2221189e-10
2.3873677e-10
2.5261568e-10
2.6520719e-10
2.7780939e-10
2.9490257e-10
0
0
0
2.7754135e-09
2.6403689e-10
2.8771623e-10
3.0771166e-10
3.2586771e-10
3.440406e-10
3.6868986e-10
0
0
0
0
2.8375362e-09
3.3062131e-10
3.5768047e-10
3.8234965e-10
4.0705684e-10
4.4057044e-10
0
0
0
0
0
2.9093335e-09
4.0634344e-10
4.3909625e-10
4.7200201e-10
5.1665094e-10
0
0
0
0
0
0
2.9893947e-09
4.9310741e-10
5.3596052e-10
5.9422745e-10
0
0
0
0
0
0
0
3.0846344e-09
6.014593e-10
6.7735161e-10
0
0
0
0
0
0
0
0
3.2114528e-09
7.7435992e-10
0
0
0
0
0
0
0
0
0
3.4649644e-09
2.5610902e-09
3.8670036e-11
4.4767482e-11
4.7820856e-11
5.0070148e-11
5.1985073e-11
5.3590989e-11
5.5047728e-11
5.650566e-11
5.8483078e-11
0
2.6178697e-09
1.0000552e-10
1.1098153e-10
1.1913788e-10
1.2608938e-10
1.3191983e-10
1.3720877e-10
1.4250212e-10
1.4968176e-10
0
0
2.6721548e-09
1.533475e-10
1.6840912e-10
1.8134131e-10
1.9220302e-10
2.0205722e-10
2.119198e-10
2.2529706e-10
0
0
0
2.718523e-09
2.0137262e-10
2.2001267e-10
2.3575328e-10
2.5004585e-10
2.6435168e-10
2.8375577e-10
0
0
0
0
2.7674965e-09
2.5394094e-10
2.7530571e-10
2.9478232e-10
3.1428866e-10
3.4074765e-10
0
0
0
0
0
2.8242355e-09
3.1380853e-10
3.3968977e-10
3.6568918e-10
4.009666e-10
0
0
0
0
0
0
2.8875148e-09
3.8235019e-10
4.1617059e-10
4.6215105e-10
0
0
0
0
0
0
0
2.9626435e-09
4.6769323e-10
5.2739395e-10
0
0
0
0
0
0
0
0
3.0622372e-09
6.0306519e-10
0
0
0
0
0
0
0
0
0
3.2592917e-09
2.5541653e-09
2.7260961e-11
3.1719938e-11
3.3954818e-11
3.5601227e-11
3.7002894e-11
3.8178376e-11
3.9244666e-11
4.0311831e-11
4.1759248e-11
0
2.5958023e-09
7.2871706e-11
8.118071e-11
8.7358351e-11
9.2623774e-11
9.7040088e-11
1.0104623e-10
1.0505572e-10
1.1049401e-10
0
0
2.6370788e-09
1.1372945e-10
1.253314e-10
1.3529631e-10
1.4366625e-10
1.5125986e-10
1.5885992e-10
1.691684e-10
0
0
0
2.6728884e-09
1.5097412e-10
1.6546145e-10
1.7769735e-10
1.8880785e-10
1.9992866e-10
2.1501268e-10
0
0
0
0
2.711032e-09
1.9203147e-10
2.0873442e-10
2.239619e-10
2.3921265e-10
2.5989924e-10
0
0
0
0
0
2.7554642e-09
2.3899745e-10
2.5930674e-10
2.7970826e-10
3.0739001e-10
0
0
0
0
0
0
2.8051751e-09
2.9288596e-10
3.1946839e-10
3.5560651e-10
0
0
0
0
0
0
0
2.8642549e-09
3.5998862e-10
4.0689623e-10
0
0
0
0
0
0
0
0
2.9424715e-09
4.6614275e-10
0
0
0
0
0
0
0
0
0
3.0962601e-09
2.5491725e-09
1.8855807e-11
2.20445e-11
2.3644283e-11
2.482288e-11
2.582628e-11
2.6667763e-11
2.7431081e-11
2.8195025e-11
2.9231181e-11
0
2.5790336e-09
5.2027142e-11
5.8184435e-11
6.2765271e-11
6.6670013e-11
6.9945102e-11
7.2916016e-11
7.5889418e-11
7.9922404e-11
0
0
2.6097624e-09
8.2697343e-11
9.1467893e-11
9.9004461e-11
1.0533527e-10
1.1107892e-10
1.1682747e-10
1.2462461e-10
0
0
0
2.6369117e-09
1.1108237e-10
1.2215838e-10
1.3151589e-10
1.4001306e-10
1.4851816e-10
1.600543e-10
0
0
0
0
2.6661501e-09
1.4267654e-10
1.5555311e-10
1.6729395e-10
1.7905292e-10
1.9500319e-10
0
0
0
0
0
2.7004821e-09
1.790739e-10
1.9482942e-10
2.1065737e-10
2.3213356e-10
0
0
0
0
0
0
2.7391187e-09
2.210426e-10
2.4175315e-10
2.6990848e-10
0
0
0
0
0
0
0
2.7852129e-09
2.7345824e-10
3.1009462e-10
0
0
0
0
0
0
0
0
2.8463495e-09
3.5643711e-10
0
0
0
0
0
0
0
0
0
2.9663237e-09
2.5456568e-09
1.2817598e-11
1.5049368e-11
1.6170213e-11
1.6996011e-11
1.7699057e-11
1.8288655e-11
1.8823484e-11
1.9358754e-11
2.0084753e-11
0
2.5666157e-09
3.6411575e-11
4.0873577e-11
4.4195682e-11
4.7027766e-11
4.9403195e-11
5.1558008e-11
5.3714627e-11
5.663977e-11
0
0
2.5889852e-09
5.8935165e-11
6.5428073e-11
7.1010786e-11
7.5700858e-11
7.9955987e-11
8.4214746e-11
8.9991201e-11
0
0
0
2.6091453e-09
8.0139133e-11
8.8445986e-11
9.5466885e-11
1.0184266e-10
1.0822441e-10
1.1688051e-10
0
0
0
0
2.6311387e-09
1.0401742e-10
1.1377424e-10
1.2267263e-10
1.3158505e-10
1.4367419e-10
0
0
0
0
0
2.6572246e-09
1.3178158e-10
1.4382094e-10
1.5591723e-10
1.7233028e-10
0
0
0
0
0
0
2.6868214e-09
1.6403036e-10
1.7996059e-10
2.0161824e-10
0
0
0
0
0
0
0
2.7223539e-09
2.0453196e-10
2.328538e-10
0
0
0
0
0
0
0
0
2.7697047e-09
2.6890054e-10
0
0
0
0
0
0
0
0
0
2.8628442e-09
2.5431825e-09
8.5272579e-12
1.0058048e-11
1.0827631e-11
1.1394664e-11
1.1877411e-11
1.2282258e-11
1.26495e-11
1.3017044e-11
1.3515554e-11
0
2.5575964e-09
2.4953252e-11
2.8115277e-11
3.0471464e-11
3.2480346e-11
3.4165333e-11
3.5693829e-11
3.7223607e-11
3.9298534e-11
0
0
2.5735161e-09
4.1124255e-11
4.5826227e-11
4.9871894e-11
5.3271145e-11
5.63552e-11
5.944189e-11
6.3628591e-11
0
0
0
2.5881594e-09
5.6624803e-11
6.2725322e-11
6.7884096e-11
7.2569212e-11
7.7258754e-11
8.3619571e-11
0
0
0
0
2.6043619e-09
7.4310255e-11
8.1559684e-11
8.8173429e-11
9.4797908e-11
1.0378362e-10
0
0
0
0
0
2.6238035e-09
9.5099927e-11
1.0413621e-10
1.1321702e-10
1.2553871e-10
0
0
0
0
0
0
2.646083e-09
1.1947199e-10
1.315305e-10
1.4792595e-10
0
0
0
0
0
0
0
2.6730554e-09
1.5032092e-10
1.7191428e-10
0
0
0
0
0
0
0
0
2.7092596e-09
1.9968028e-10
0
0
0
0
0
0
0
0
0
2.7809225e-09
2.5415607e-09
5.6354898e-12
6.667628e-12
7.1870093e-12
7.5697141e-12
7.8955335e-12
8.1687768e-12
8.4166387e-12
8.664705e-12
9.0011642e-12
0
2.551302e-09
1.6853787e-11
1.9047898e-11
2.0684242e-11
2.2079567e-11
2.3249939e-11
2.4311616e-11
2.5374185e-11
2.6815409e-11
0
0
2.5623901e-09
2.8210904e-11
3.1541927e-11
3.4410212e-11
3.6820573e-11
3.9007469e-11
4.1196235e-11
4.416502e-11
0
0
0
2.5727929e-09
3.9294339e-11
4.3678291e-11
4.7387693e-11
5.0756826e-11
5.412917e-11
5.8703367e-11
0
0
0
0
2.5844725e-09
5.2115716e-11
5.739059e-11
6.2204834e-11
6.7027169e-11
7.3568408e-11
0
0
0
0
0
2.5986641e-09
6.7370354e-11
7.4019863e-11
8.0703886e-11
8.977362e-11
0
0
0
0
0
0
2.6151119e-09
8.5446054e-11
9.4408101e-11
1.0659507e-10
0
0
0
0
0
0
0
2.6352239e-09
1.0854575e-10
1.2473877e-10
0
0
0
0
0
0
0
0
2.662472e-09
1.458455e-10
0
0
0
0
0
0
0
0
0
2.7169341e-09
2.5404795e-09
3.6835295e-12
4.3690444e-12
4.7142887e-12
4.9686947e-12
5.1852865e-12
5.3669278e-12
5.5316967e-12
5.6966015e-12
5.9202667e-12
0
2.5469621e-09
1.1215184e-11
1.2708584e-11
1.3823273e-11
1.4773903e-11
1.5571286e-11
1.6294615e-11
1.7018552e-11
1.8000471e-11
0
0
2.5545332e-09
1.9028249e-11
2.133879e-11
2.3329947e-11
2.5003493e-11
2.6521909e-11
2.8041626e-11
3.0102932e-11
0
0
0
2.5617669e-09
2.6783318e-11
2.9866508e-11
3.2476988e-11
3.4848252e-11
3.72218e-11
4.0441249e-11
0
0
0
0
2.5700052e-09
3.5878884e-11
3.9635773e-11
4.3066149e-11
4.6502524e-11
5.1163805e-11
0
0
0
0
0
2.5801448e-09
4.6837562e-11
5.1630042e-11
5.6448916e-11
6.2987983e-11
0
0
0
0
0
0
2.592039e-09
5.9974994e-11
6.6505022e-11
7.5386388e-11
0
0
0
0
0
0
0
2.6067455e-09
7.6948043e-11
8.886888e-11
0
0
0
0
0
0
0
0
2.6268891e-09
1.0465999e-10
0
0
0
0
0
0
0
0
0
2.6676622e-09
