# Fiducial parameters, omega_b = 0.022137, omega_cdm = 0.11897, 100*theta_s = 1.0409, tau_reio = 0.08783, sigma_NL = 7, beta_0^Euclid = 1, beta_1^Euclid = 1, Omega_Lambda = 0, Omega_m = 0, H0 = 0, sigma8 = 0
1.5001142e-08
1.662402e-08
1.7906219e-08
1.8542741e-08
1.9011435e-08
1.9410411e-08
1.9744962e-08
2.0048391e-08
2.0352005e-08
2.0763648e-08
0
2.6584504e-08
2.6777285e-08
2.8165923e-08
2.9191183e-08
3.0064198e-08
3.0796274e-08
3.1460257e-08
3.2124664e-08
3.3025509e-08
0
0
3.2965347e-08
3.2362569e-08
3.3808026e-08
3.5041859e-08
3.6076931e-08
3.7015766e-08
3.7955211e-08
3.9228991e-08
0
0
0
3.7210605e-08
3.6427882e-08
3.7936519e-08
3.9204419e-08
4.0354728e-08
4.1505814e-08
4.306657e-08
0
0
0
0
4.1001925e-08
4.0234563e-08
4.1731227e-08
4.3090852e-08
4.4451642e-08
4.6296764e-08
0
0
0
0
0
4.4806969e-08
4.400643e-08
4.5592005e-08
4.7180488e-08
4.9334552e-08
0
0
0
0
0
0
4.8519547e-08
4.7799632e-08
4.962817e-08
5.2109296e-08
0
0
0
0
0
0
0
5.2401151e-08
5.1956291e-08
5.4805383e-08
0
0
0
0
0
0
0
0
5.6898914e-08
5.7667647e-08
0
0
0
0
0
0
0
0
0
6.4286073e-08
1.4035228e-08
1.5702427e-08
1.7021651e-08
1.76768e-08
1.8159217e-08
1.8569876e-08
1.8914225e-08
1.922654e-08
1.9539049e-08
1.9962756e-08
0
2.5971078e-08
2.634862e-08
2.7834472e-08
2.8931781e-08
2.9866174e-08
3.0649723e-08
3.1360393e-08
3.207152e-08
3.3035718e-08
0
0
3.2837978e-08
3.2405096e-08
3.3979066e-08
3.5322886e-08
3.6450268e-08
3.7472837e-08
3.8496074e-08
3.9883475e-08
0
0
0
3.7476086e-08
3.6866978e-08
3.8525875e-08
3.9920285e-08
4.1185402e-08
4.2451379e-08
4.4167926e-08
0
0
0
0
4.1656798e-08
4.1079918e-08
4.2738392e-08
4.4245177e-08
4.5753278e-08
4.7798154e-08
0
0
0
0
0
4.5884128e-08
4.5283871e-08
4.7052817e-08
4.8825148e-08
5.1228545e-08
0
0
0
0
0
0
5.0035862e-08
4.9537741e-08
5.1589879e-08
5.4374541e-08
0
0
0
0
0
0
0
5.4402135e-08
5.4225872e-08
5.7441152e-08
0
0
0
0
0
0
0
0
5.9490782e-08
6.0705676e-08
0
0
0
0
0
0
0
0
0
6.790828e-08
1.2940183e-08
1.4549574e-08
1.5875854e-08
1.653481e-08
1.7020037e-08
1.743309e-08
1.7779447e-08
1.8093586e-08
1.840792e-08
1.8834105e-08
0
2.4962748e-08
2.5476597e-08
2.703597e-08
2.8187921e-08
2.9168877e-08
2.9991476e-08
3.0737568e-08
3.1484141e-08
3.2496406e-08
0
0
3.221509e-08
3.1927588e-08
3.3612317e-08
3.5051068e-08
3.6258145e-08
3.7353005e-08
3.8448585e-08
3.9934083e-08
0
0
0
3.7197932e-08
3.6745935e-08
3.8541301e-08
4.0050716e-08
4.1420211e-08
4.2790645e-08
4.4648835e-08
0
0
0
0
4.1736855e-08
4.1338703e-08
4.3149375e-08
4.4794653e-08
4.6441399e-08
4.867428e-08
0
0
0
0
0
4.6365516e-08
4.5958541e-08
4.7904733e-08
4.9854828e-08
5.2499316e-08
0
0
0
0
0
0
5.0945401e-08
5.0666121e-08
5.2939135e-08
5.6023686e-08
0
0
0
0
0
0
0
5.5794168e-08
5.5888064e-08
5.9471941e-08
0
0
0
0
0
0
0
0
6.1482375e-08
6.3154456e-08
0
0
0
0
0
0
0
0
0
7.0968566e-08
1.1880938e-08
1.3328769e-08
1.4628967e-08
1.5275322e-08
1.575128e-08
1.6156443e-08
1.6496186e-08
1.6804325e-08
1.7112659e-08
1.753071e-08
0
2.36948e-08
2.4280617e-08
2.5881697e-08
2.7064884e-08
2.8072483e-08
2.8917429e-08
2.968379e-08
3.045065e-08
3.1490425e-08
0
0
3.1192357e-08
3.1013148e-08
3.2781525e-08
3.4292172e-08
3.5559636e-08
3.6709276e-08
3.7859676e-08
3.9419511e-08
0
0
0
3.6443906e-08
3.6120968e-08
3.8029128e-08
3.9633743e-08
4.1089662e-08
4.2546586e-08
4.4522057e-08
0
0
0
0
4.1284941e-08
4.1042254e-08
4.2985832e-08
4.4752148e-08
4.652008e-08
4.8917294e-08
0
0
0
0
0
4.6269464e-08
4.6037787e-08
4.8145119e-08
5.0256908e-08
5.3120702e-08
0
0
0
0
0
0
5.1243369e-08
5.1168924e-08
5.3649018e-08
5.7014804e-08
0
0
0
0
0
0
0
5.6549339e-08
5.6902868e-08
6.0841362e-08
0
0
0
0
0
0
0
0
6.282058e-08
6.4943109e-08
0
0
0
0
0
0
0
0
0
7.3376549e-08
1.058499e-08
1.1750964e-08
1.2985755e-08
1.3600017e-08
1.4052354e-08
1.443741e-08
1.4760293e-08
1.5053142e-08
1.5346177e-08
1.5743488e-08
0
2.1836166e-08
2.2409513e-08
2.4010154e-08
2.5193543e-08
2.6201367e-08
2.7046507e-08
2.7813047e-08
2.8580088e-08
2.9620113e-08
0
0
2.9388756e-08
2.9264728e-08
3.1077677e-08
3.2626979e-08
3.3926958e-08
3.51061e-08
3.6286024e-08
3.7885899e-08
0
0
0
3.4797218e-08
3.4560325e-08
3.6544777e-08
3.8214016e-08
3.9728631e-08
4.1244301e-08
4.3299434e-08
0
0
0
0
3.9851786e-08
3.9726147e-08
4.1770566e-08
4.3628875e-08
4.5488933e-08
4.8011078e-08
0
0
0
0
0
4.5114187e-08
4.5025107e-08
4.7264084e-08
4.9508088e-08
5.2551227e-08
0
0
0
0
0
0
5.0416756e-08
5.0518055e-08
5.3176315e-08
5.6784171e-08
0
0
0
0
0
0
0
5.612282e-08
5.6708629e-08
6.0964921e-08
0
0
0
0
0
0
0
0
6.2925102e-08
6.5465981e-08
0
0
0
0
0
0
0
0
0
7.4497659e-08
9.3336208e-09
1.0130999e-08
1.1267319e-08
1.1833062e-08
1.2249683e-08
1.2604337e-08
1.2901727e-08
1.3171455e-08
1.3441355e-08
1.3807302e-08
0
1.9721092e-08
2.0191823e-08
2.1746531e-08
2.2896586e-08
2.3876084e-08
2.4697478e-08
2.5442482e-08
2.6187974e-08
2.7198787e-08
0
0
2.7116327e-08
2.6984463e-08
2.8795373e-08
3.0343636e-08
3.1642845e-08
3.2821299e-08
3.4000538e-08
3.559949e-08
0
0
0
3.2545558e-08
3.234043e-08
3.435493e-08
3.6050023e-08
3.758817e-08
3.9127397e-08
4.121448e-08
0
0
0
0
3.7699239e-08
3.7639443e-08
3.9741813e-08
4.1653229e-08
4.3566505e-08
4.6160825e-08
0
0
0
0
0
4.3133001e-08
4.3140328e-08
4.5469149e-08
4.7803567e-08
5.0969371e-08
0
0
0
0
0
0
4.8669396e-08
4.8902643e-08
5.1695378e-08
5.5486099e-08
0
0
0
0
0
0
0
5.4686632e-08
5.546007e-08
5.997383e-08
0
0
0
0
0
0
0
0
6.1930593e-08
6.4830287e-08
0
0
0
0
0
0
0
0
0
7.440577e-08
8.2120807e-09
8.5924661e-09
9.6063857e-09
1.0111669e-08
1.048378e-08
1.0800545e-08
1.1066165e-08
1.1307078e-08
1.1548145e-08
1.1875e-08
0
1.751267e-08
1.7792256e-08
1.9255687e-08
2.0338934e-08
2.1261605e-08
2.2035351e-08
2.273714e-08
2.3439391e-08
2.4391576e-08
0
0
2.4530905e-08
2.4321548e-08
2.6078592e-08
2.7581626e-08
2.8843004e-08
2.9987154e-08
3.1132069e-08
3.2684487e-08
0
0
0
2.9826399e-08
2.9589234e-08
3.1579229e-08
3.3254393e-08
3.4774545e-08
3.6295774e-08
3.8358461e-08
0
0
0
0
3.4941789e-08
3.4884609e-08
3.6991801e-08
3.8908127e-08
4.0826392e-08
4.3427488e-08
0
0
0
0
0
4.0412648e-08
4.0456581e-08
4.2820985e-08
4.5191523e-08
4.8406376e-08
0
0
0
0
0
0
4.6057548e-08
4.6363318e-08
4.9231104e-08
5.312413e-08
0
0
0
0
0
0
0
5.2262536e-08
5.3159765e-08
5.7844552e-08
0
0
0
0
0
0
0
0
5.9816554e-08
6.2983828e-08
0
0
0
0
0
0
0
0
0
7.3008239e-08
7.1499703e-09
7.0893113e-09
7.9649716e-09
8.4018098e-09
8.7235294e-09
8.9973985e-09
9.2270486e-09
9.4353384e-09
9.6437616e-09
9.9263563e-09
0
1.5209628e-08
1.5218073e-08
1.6548378e-08
1.7533857e-08
1.8373335e-08
1.9077324e-08
1.9715844e-08
2.0354785e-08
2.1221132e-08
0
0
2.1640536e-08
2.1281805e-08
2.2931094e-08
2.4342892e-08
2.5527841e-08
2.6602678e-08
2.7678237e-08
2.9136617e-08
0
0
0
2.663838e-08
2.6298958e-08
2.8204147e-08
2.9808726e-08
3.1264928e-08
3.2722173e-08
3.4698109e-08
0
0
0
0
3.1560985e-08
3.1433357e-08
3.3483776e-08
3.5349095e-08
3.7216389e-08
3.9748383e-08
0
0
0
0
0
3.6910767e-08
3.6919102e-08
3.9253416e-08
4.159433e-08
4.4769084e-08
0
0
0
0
0
0
4.2510132e-08
4.2813728e-08
4.5681716e-08
4.9575542e-08
0
0
0
0
0
0
0
4.8744857e-08
4.9682249e-08
5.4424632e-08
0
0
0
0
0
0
0
0
5.6432677e-08
5.9741947e-08
0
0
0
0
0
0
0
0
0
7.0074135e-08
6.269566e-09
5.7959889e-09
6.534397e-09
6.9031268e-09
7.1746992e-09
7.4058804e-09
7.5997351e-09
7.7755591e-09
7.951496e-09
8.190044e-09
0
1.3084578e-08
1.2771932e-08
1.3941485e-08
1.4808643e-08
1.5547413e-08
1.6166956e-08
1.6728884e-08
1.7291184e-08
1.8053613e-08
0
0
1.8776898e-08
1.8208688e-08
1.970453e-08
2.0985975e-08
2.2061669e-08
2.3037417e-08
2.4013822e-08
2.5337759e-08
0
0
0
2.3333226e-08
2.2826097e-08
2.4589893e-08
2.6076278e-08
2.7425333e-08
2.8775365e-08
3.060593e-08
0
0
0
0
2.7914321e-08
2.7643094e-08
2.957479e-08
3.1332813e-08
3.3092795e-08
3.5479292e-08
0
0
0
0
0
3.2980477e-08
3.2876629e-08
3.5110989e-08
3.7352297e-08
4.0392049e-08
0
0
0
0
0
0
3.8367312e-08
3.8585613e-08
4.1370328e-08
4.5151715e-08
0
0
0
0
0
0
0
4.4452324e-08
4.5332578e-08
5.0000371e-08
0
0
0
0
0
0
0
0
5.2064335e-08
5.5362357e-08
0
0
0
0
0
0
0
0
0
6.5818512e-08
5.4986063e-09
4.6519332e-09
5.2622594e-09
5.5672655e-09
5.7919149e-09
5.9831525e-09
6.143513e-09
6.2889583e-09
6.4344973e-09
6.6318298e-09
0
1.1141796e-08
1.0490145e-08
1.1486898e-08
1.22266e-08
1.2856863e-08
1.3385417e-08
1.3864819e-08
1.4344538e-08
1.4994997e-08
0
0
1.6017277e-08
1.5198106e-08
1.6508081e-08
1.7631269e-08
1.8574269e-08
1.9429665e-08
2.0285639e-08
2.1446282e-08
0
0
0
2.0025061e-08
1.9296884e-08
2.0872642e-08
2.220148e-08
2.3407665e-08
2.4614736e-08
2.6251458e-08
0
0
0
0
2.4137973e-08
2.3657415e-08
2.5414336e-08
2.7014058e-08
2.8615672e-08
3.0787436e-08
0
0
0
0
0
2.8769545e-08
2.84795e-08
3.0546102e-08
3.2619829e-08
3.5432395e-08
0
0
0
0
0
0
3.3778207e-08
3.3826187e-08
3.6441989e-08
3.9994712e-08
0
0
0
0
0
0
0
3.9525677e-08
4.0244173e-08
4.4694972e-08
0
0
0
0
0
0
0
0
4.6831178e-08
4.9944712e-08
0
0
0
0
0
0
0
0
0
6.0303708e-08
4.8798589e-09
3.7150897e-09
4.2144253e-09
4.4640692e-09
4.647948e-09
4.8044791e-09
4.935737e-09
5.0547865e-09
5.1739128e-09
5.3354335e-09
0
9.5015682e-09
8.5308125e-09
9.361945e-09
9.9791963e-09
1.0505185e-08
1.0946299e-08
1.1346392e-08
1.174675e-08
1.2289603e-08
0
0
1.3577973e-08
1.2495859e-08
1.3609045e-08
1.456431e-08
1.536646e-08
1.6094103e-08
1.6822239e-08
1.7809543e-08
0
0
0
1.6993779e-08
1.6015521e-08
1.7376979e-08
1.8525932e-08
1.9568953e-08
2.0612751e-08
2.2028086e-08
0
0
0
0
2.0561498e-08
1.9826541e-08
2.1369634e-08
2.2775407e-08
2.4182951e-08
2.609157e-08
0
0
0
0
0
2.4648022e-08
2.4113442e-08
2.5958405e-08
2.7810446e-08
3.0322441e-08
0
0
0
0
0
0
2.9142035e-08
2.8946005e-08
3.1318305e-08
3.454106e-08
0
0
0
0
0
0
0
3.4383357e-08
3.4842367e-08
3.8942753e-08
0
0
0
0
0
0
0
0
4.1159702e-08
4.391544e-08
0
0
0
0
0
0
0
0
0
5.3938539e-08
4.347523e-09
2.9024332e-09
3.3048019e-09
3.5060264e-09
3.6542441e-09
3.7804181e-09
3.8862204e-09
3.9821821e-09
4.0782057e-09
4.2084023e-09
0
8.0772403e-09
6.8257886e-09
7.5091425e-09
8.0168665e-09
8.4495567e-09
8.8124305e-09
9.14156e-09
9.470908e-09
9.9174772e-09
0
0
1.1435343e-08
1.0104612e-08
1.102974e-08
1.1824149e-08
1.2491321e-08
1.3096532e-08
1.3702155e-08
1.452334e-08
0
0
0
1.4278325e-08
1.3048121e-08
1.419208e-08
1.5158117e-08
1.603518e-08
1.6912907e-08
1.8103059e-08
0
0
0
0
1.7283668e-08
1.6276709e-08
1.7589757e-08
1.8786588e-08
1.9985023e-08
2.16101e-08
0
0
0
0
0
2.0772758e-08
1.9960307e-08
2.1552175e-08
2.315081e-08
2.531919e-08
0
0
0
0
0
0
2.4666599e-08
2.4175601e-08
2.6252261e-08
2.9074122e-08
0
0
0
0
0
0
0
2.9277826e-08
2.9400542e-08
3.3045074e-08
0
0
0
0
0
0
0
0
3.5340996e-08
3.7587787e-08
0
0
0
0
0
0
0
0
0
4.7044402e-08
3.937935e-09
2.2531116e-09
2.5715765e-09
2.7309346e-09
2.8483165e-09
2.9482409e-09
3.0320317e-09
3.1080293e-09
3.184076e-09
3.2871864e-09
0
6.8978037e-09
5.4070506e-09
5.9639679e-09
6.3778194e-09
6.7305232e-09
7.0263187e-09
7.2946078e-09
7.5630753e-09
7.9270958e-09
0
0
9.6436874e-09
8.0969246e-09
8.8571513e-09
9.5101672e-09
1.0058639e-08
1.055618e-08
1.1054058e-08
1.1729151e-08
0
0
0
1.1982206e-08
1.0523344e-08
1.1468425e-08
1.2266854e-08
1.2991804e-08
1.3717308e-08
1.4701056e-08
0
0
0
0
1.4467894e-08
1.3201778e-08
1.4294208e-08
1.5290362e-08
1.6287919e-08
1.7640613e-08
0
0
0
0
0
1.7375926e-08
1.6284538e-08
1.7621064e-08
1.8963767e-08
2.0785075e-08
0
0
0
0
0
0
2.0654041e-08
1.9850987e-08
2.1613582e-08
2.4009288e-08
0
0
0
0
0
0
0
2.4582599e-08
2.4329021e-08
2.7461841e-08
0
0
0
0
0
0
0
0
2.9823934e-08
3.1461228e-08
0
0
0
0
0
0
0
0
0
4.016666e-08
3.6186744e-09
1.7343393e-09
1.980427e-09
2.1037062e-09
2.1945161e-09
2.2718204e-09
2.3366435e-09
2.3954374e-09
2.4542693e-09
2.5340385e-09
0
5.9128259e-09
4.2104394e-09
4.6566206e-09
4.9882848e-09
5.2709536e-09
5.5080151e-09
5.7230321e-09
5.9381922e-09
6.2299326e-09
0
0
8.1250527e-09
6.3941243e-09
7.0134784e-09
7.5455448e-09
7.9924444e-09
8.3978467e-09
8.803525e-09
9.3536002e-09
0
0
0
1.0034865e-08
8.3804719e-09
9.1546054e-09
9.8087085e-09
1.0402636e-08
1.0997021e-08
1.1802978e-08
0
0
0
0
1.2073379e-08
1.0580314e-08
1.1478387e-08
1.2297483e-08
1.3117767e-08
1.4230081e-08
0
0
0
0
0
1.4466173e-08
1.3121508e-08
1.4224981e-08
1.5333817e-08
1.6837942e-08
0
0
0
0
0
0
1.7175995e-08
1.6077402e-08
1.754124e-08
1.953127e-08
0
0
0
0
0
0
0
2.0445266e-08
1.9817944e-08
2.2440821e-08
0
0
0
0
0
0
0
0
2.4849859e-08
2.5845857e-08
0
0
0
0
0
0
0
0
0
3.3695414e-08
3.3736221e-09
1.3335783e-09
1.5209374e-09
1.6148809e-09
1.6840855e-09
1.7429979e-09
1.7923985e-09
1.8372044e-09
1.8820393e-09
1.9428301e-09
0
5.1222228e-09
3.2301181e-09
3.577429e-09
3.8358345e-09
4.0560874e-09
4.240805e-09
4.4083457e-09
4.5759981e-09
4.8033217e-09
0
0
6.8520495e-09
4.9574751e-09
5.4525155e-09
5.8779516e-09
6.2353079e-09
6.559483e-09
6.8838791e-09
7.323741e-09
0
0
0
8.3850314e-09
6.5620627e-09
7.1889997e-09
7.7187946e-09
8.1998585e-09
8.6812934e-09
9.3340967e-09
0
0
0
0
1.0041096e-08
8.3550333e-09
9.0874596e-09
9.7555145e-09
1.0424547e-08
1.1331765e-08
0
0
0
0
0
1.1996332e-08
1.0435267e-08
1.1338884e-08
1.2246965e-08
1.3478783e-08
0
0
0
0
0
0
1.4217863e-08
1.2861671e-08
1.4064053e-08
1.56988e-08
0
0
0
0
0
0
0
1.6905825e-08
1.5942151e-08
1.8104515e-08
0
0
0
0
0
0
0
0
2.0543333e-08
2.0935101e-08
0
0
0
0
0
0
0
0
0
2.7923765e-08
3.1880578e-09
1.0307507e-09
1.1735851e-09
1.2451898e-09
1.29794e-09
1.3428452e-09
1.3805001e-09
1.4146528e-09
1.4488276e-09
1.4951645e-09
0
4.5201302e-09
2.4713087e-09
2.7352813e-09
2.9319018e-09
3.0995197e-09
3.2400968e-09
3.3676017e-09
3.4951916e-09
3.6681935e-09
0
0
5.8347775e-09
3.7923752e-09
4.1755147e-09
4.5051288e-09
4.7820443e-09
5.033251e-09
5.2846293e-09
5.6254833e-09
0
0
0
7.0245669e-09
5.0490667e-09
5.5435982e-09
5.9617424e-09
6.3414504e-09
6.7214533e-09
7.2367199e-09
0
0
0
0
8.3366943e-09
6.4800344e-09
7.0666095e-09
7.601745e-09
8.1376762e-09
8.8644081e-09
0
0
0
0
0
9.9091047e-09
8.161463e-09
8.8929015e-09
9.6280031e-09
1.062518e-08
0
0
0
0
0
0
1.1712893e-08
1.0137588e-08
1.1117268e-08
1.2449267e-08
0
0
0
0
0
0
0
1.3907509e-08
1.26573e-08
1.4426425e-08
0
0
0
0
0
0
0
0
1.6887863e-08
1.6754463e-08
0
0
0
0
0
0
0
0
0
2.2963198e-08
3.0471796e-09
8.006138e-10
9.0973862e-10
9.6443231e-10
1.0047235e-09
1.0390226e-09
1.0677838e-09
1.09387e-09
1.119973e-09
1.1553655e-09
0
4.0648149e-09
1.8987902e-09
2.0990727e-09
2.2482576e-09
2.3754477e-09
2.4821206e-09
2.578874e-09
2.6756919e-09
2.8069694e-09
0
0
5.0611336e-09
2.8969124e-09
3.1865426e-09
3.435954e-09
3.6455379e-09
3.8356684e-09
4.0259289e-09
4.2839109e-09
0
0
0
5.9594881e-09
3.8489166e-09
4.2260233e-09
4.5452092e-09
4.8350997e-09
5.1252188e-09
5.5186073e-09
0
0
0
0
6.9617789e-09
4.9497097e-09
5.403908e-09
5.818545e-09
6.2338327e-09
6.7969724e-09
0
0
0
0
0
8.1840683e-09
6.2670567e-09
6.8428599e-09
7.4217406e-09
8.2070221e-09
0
0
0
0
0
0
9.6109206e-09
7.8408211e-09
8.6230798e-09
9.6867827e-09
0
0
0
0
0
0
0
1.1371451e-08
9.8726828e-09
1.1300942e-08
0
0
0
0
0
0
0
0
1.3787395e-08
1.3206291e-08
0
0
0
0
0
0
0
0
0
1.8751015e-08
2.9398826e-09
6.2637958e-10
7.0985983e-10
7.517059e-10
7.8253252e-10
8.087746e-10
8.3077967e-10
8.5073806e-10
8.7070931e-10
8.9778785e-10
0
3.7179512e-09
1.4628452e-09
1.6153311e-09
1.7288632e-09
1.8256497e-09
1.9068229e-09
1.980448e-09
2.0541221e-09
2.1540183e-09
0
0
4.4767909e-09
2.2227995e-09
2.4424652e-09
2.6315612e-09
2.7904636e-09
2.9346183e-09
3.0788717e-09
3.2744707e-09
0
0
0
5.1578165e-09
2.9419199e-09
3.2261551e-09
3.4668181e-09
3.6854169e-09
3.9041909e-09
4.2008387e-09
0
0
0
0
5.9119709e-09
3.7695786e-09
4.1119534e-09
4.4247177e-09
4.7380093e-09
5.1628427e-09
0
0
0
0
0
6.8329469e-09
4.7655903e-09
5.2031433e-09
5.6433031e-09
6.2404381e-09
0
0
0
0
0
0
7.9197042e-09
5.9719181e-09
6.5745427e-09
7.3942604e-09
0
0
0
0
0
0
0
9.2822584e-09
7.5566611e-09
8.6747643e-09
0
0
0
0
0
0
0
0
1.1186347e-08
1.0205406e-08
0
0
0
0
0
0
0
0
0
1.5176335e-08
2.8570542e-09
4.9385887e-10
5.5832717e-10
5.9062503e-10
6.1441776e-10
6.3467205e-10
6.516561e-10
6.6706046e-10
6.8247473e-10
7.0337455e-10
0
3.456915e-09
1.1331907e-09
1.2487573e-09
1.3348377e-09
1.4082229e-09
1.4697696e-09
1.5255932e-09
1.5814538e-09
1.6571964e-09
0
0
4.0307658e-09
1.7080212e-09
1.8747908e-09
2.0183245e-09
2.138927e-09
2.2483352e-09
2.3578183e-09
2.5062707e-09
0
0
0
4.5481728e-09
2.2551783e-09
2.4711971e-09
2.6540004e-09
2.8200323e-09
2.9861968e-09
3.2115084e-09
0
0
0
0
5.1216726e-09
2.8831804e-09
3.1420874e-09
3.3785532e-09
3.6154193e-09
3.9366183e-09
0
0
0
0
0
5.8172693e-09
3.6329941e-09
3.961926e-09
4.2928822e-09
4.7418857e-09
0
0
0
0
0
0
6.6327098e-09
4.5372703e-09
4.9898114e-09
5.6055783e-09
0
0
0
0
0
0
0
7.6556358e-09
5.7304113e-09
6.5753256e-09
0
0
0
0
0
0
0
0
9.0997296e-09
7.7543551e-09
0
0
0
0
0
0
0
0
0
1.2198616e-08
2.7922948e-09
3.9192803e-10
4.4227469e-10
4.6748544e-10
4.8605667e-10
5.0186596e-10
5.151227e-10
5.2714641e-10
5.3917786e-10
5.5549097e-10
0
3.2599979e-09
8.8603313e-10
9.7428656e-10
1.039991e-09
1.0960055e-09
1.142984e-09
1.1855939e-09
1.2282322e-09
1.2860462e-09
0
0
3.697003e-09
1.3212265e-09
1.4469751e-09
1.5552516e-09
1.6462394e-09
1.728782e-09
1.811381e-09
1.9233802e-09
0
0
0
4.0862315e-09
1.7324597e-09
1.8952756e-09
2.0331101e-09
2.1582995e-09
2.2835884e-09
2.4534743e-09
0
0
0
0
4.5183655e-09
2.206906e-09
2.4029407e-09
2.5819539e-09
2.7612603e-09
3.0044052e-09
0
0
0
0
0
5.0457925e-09
2.7761863e-09
3.0256166e-09
3.2764967e-09
3.6168518e-09
0
0
0
0
0
0
5.6644928e-09
3.4610219e-09
3.8028085e-09
4.2678092e-09
0
0
0
0
0
0
0
6.4358974e-09
4.357804e-09
4.9919696e-09
0
0
0
0
0
0
0
0
7.5170853e-09
5.8711159e-09
0
0
0
0
0
0
0
0
0
9.8448066e-09
2.7406487e-09
3.1207866e-10
3.5183557e-10
3.7173141e-10
3.8638712e-10
3.9886319e-10
4.0932489e-10
4.1881353e-10
4.2830826e-10
4.411819e-10
0
3.1093097e-09
6.9806849e-10
7.6616148e-10
8.1683853e-10
8.6003785e-10
8.9626802e-10
9.2912913e-10
9.6201205e-10
1.0065986e-09
0
0
3.4454095e-09
1.0311509e-09
1.1269755e-09
1.2094282e-09
1.2787083e-09
1.341558e-09
1.4044506e-09
1.4897291e-09
0
0
0
3.741589e-09
1.3426934e-09
1.465524e-09
1.5694901e-09
1.6639221e-09
1.7584297e-09
1.8865776e-09
0
0
0
0
4.0668598e-09
1.6984019e-09
1.8452826e-09
1.9794614e-09
2.1138684e-09
2.2961287e-09
0
0
0
0
0
4.4611707e-09
2.1239399e-09
2.31091e-09
2.4990194e-09
2.754219e-09
0
0
0
0
0
0
4.9250146e-09
2.6387955e-09
2.8963074e-09
3.2466364e-09
0
0
0
0
0
0
0
5.5073253e-09
3.3170877e-09
3.7964795e-09
0
0
0
0
0
0
0
0
6.3252197e-09
4.4597885e-09
0
0
0
0
0
0
0
0
0
8.0714735e-09
2.6988184e-09
2.4839005e-10
2.8007739e-10
2.9592632e-10
3.0760062e-10
3.1753866e-10
3.2587212e-10
3.3343047e-10
3.4099368e-10
3.5124842e-10
0
2.992205e-09
5.5337145e-10
6.0652186e-10
6.4605563e-10
6.7975395e-10
7.0801572e-10
7.336494e-10
7.5930008e-10
7.9408026e-10
0
0
3.2537119e-09
8.1084538e-10
8.8448643e-10
9.478374e-10
1.0010643e-09
1.0493503e-09
1.0976692e-09
1.1631865e-09
0
0
0
3.4807703e-09
1.0487766e-09
1.1424323e-09
1.221676e-09
1.2936456e-09
1.3656722e-09
1.4633368e-09
0
0
0
0
3.7283404e-09
1.3188316e-09
1.4300798e-09
1.5316564e-09
1.6333999e-09
1.7713674e-09
0
0
0
0
0
4.0265607e-09
1.6393707e-09
1.7797326e-09
1.9209312e-09
2.1124915e-09
0
0
0
0
0
0
4.373874e-09
2.0233282e-09
2.2152177e-09
2.4763219e-09
0
0
0
0
0
0
0
4.8067103e-09
2.5271864e-09
2.8840667e-09
0
0
0
0
0
0
0
0
5.4160221e-09
3.3814764e-09
0
0
0
0
0
0
0
0
0
6.7291144e-09
2.6645736e-09
1.96773e-10
2.2216505e-10
2.3485983e-10
2.4421055e-10
2.5217058e-10
2.5884539e-10
2.6489937e-10
2.7095724e-10
2.7917095e-10
0
2.8994259e-09
4.3985083e-10
4.8181149e-10
5.1300625e-10
5.3959432e-10
5.6189269e-10
5.8211751e-10
6.0235573e-10
6.2979705e-10
0
0
3.1053308e-09
6.41399e-10
6.9870166e-10
7.4796769e-10
7.893555e-10
8.2690102e-10
8.644721e-10
9.1541606e-10
0
0
0
3.2816381e-09
8.2525996e-10
8.9734584e-10
9.5831309e-10
1.0136819e-09
1.0690944e-09
1.1442311e-09
0
0
0
0
3.4717281e-09
1.0316625e-09
1.1164853e-09
1.1939279e-09
1.2714964e-09
1.3766811e-09
0
0
0
0
0
3.6985136e-09
1.2746845e-09
1.3810336e-09
1.4879981e-09
1.6331084e-09
0
0
0
0
0
0
3.9612057e-09
1.5645278e-09
1.709168e-09
1.9059273e-09
0
0
0
0
0
0
0
4.2869608e-09
1.9423439e-09
2.2092187e-09
0
0
0
0
0
0
0
0
4.7409056e-09
2.5756623e-09
0
0
0
0
0
0
0
0
0
5.711295e-09
2.6364443e-09
1.5451169e-10
1.7486722e-10
1.8504142e-10
1.9253539e-10
1.9891482e-10
2.0426423e-10
2.0911609e-10
2.1397107e-10
2.2055382e-10
0
2.8246316e-09
3.4913675e-10
3.8255132e-10
4.0738091e-10
4.285422e-10
4.462892e-10
4.6238587e-10
4.7849321e-10
5.0033341e-10
0
0
2.9883274e-09
5.0862589e-10
5.5371718e-10
5.9246415e-10
6.2501174e-10
6.545374e-10
6.8408314e-10
7.2414525e-10
0
0
0
3.1268133e-09
6.5239284e-10
7.0855753e-10
7.5603942e-10
7.9915782e-10
8.4230983e-10
9.0082178e-10
0
0
0
0
3.2745797e-09
8.1217439e-10
8.7765719e-10
9.3741804e-10
9.9727197e-10
1.0784352e-09
0
0
0
0
0
3.4492417e-09
9.9854654e-10
1.0798657e-09
1.1616324e-09
1.2725573e-09
0
0
0
0
0
0
3.649561e-09
1.2185747e-09
1.3281491e-09
1.4772027e-09
0
0
0
0
0
0
0
3.8955721e-09
1.5029697e-09
1.7037861e-09
0
0
0
0
0
0
0
0
4.2363792e-09
1.9774524e-09
0
0
0
0
0
0
0
0
0
4.9589778e-09
2.6134354e-09
1.1981268e-10
1.3604985e-10
1.4416521e-10
1.5014266e-10
1.5523111e-10
1.5949798e-10
1.6336799e-10
1.672405e-10
1.7249115e-10
0
2.7635847e-09
2.7554867e-10
3.0227063e-10
3.2212022e-10
3.3903627e-10
3.5322288e-10
3.6609025e-10
3.7896615e-10
3.9642481e-10
0
0
2.8944382e-09
4.0269357e-10
4.3848839e-10
4.692328e-10
4.9505563e-10
5.1848065e-10
5.4192158e-10
5.7370597e-10
0
0
0
3.0042467e-09
5.1628703e-10
5.605193e-10
5.9789642e-10
6.3183605e-10
6.6580189e-10
7.1185784e-10
0
0
0
0
3.1204078e-09
6.4140518e-10
6.9252951e-10
7.3916986e-10
7.8588049e-10
8.4922088e-10
0
0
0
0
0
3.2564629e-09
7.859683e-10
8.4887966e-10
9.1212212e-10
9.9791443e-10
0
0
0
0
0
0
3.4110215e-09
9.5505347e-10
1.0390888e-09
1.1533785e-09
0
0
0
0
0
0
0
3.5991568e-09
1.1716354e-09
1.3242309e-09
0
0
0
0
0
0
0
0
3.8570976e-09
1.5287491e-09
0
0
0
0
0
0
0
0
0
4.3966258e-09
2.5948255e-09
9.1463394e-11
1.0428563e-10
1.1069527e-10
1.1541635e-10
1.1943529e-10
1.2280534e-10
1.2586194e-10
1.2892052e-10
1.3306759e-10
0
2.7135034e-09
2.15336e-10
2.3668294e-10
2.5253696e-10
2.6604744e-10
2.7737793e-10
2.8765477e-10
2.9793843e-10
3.1188224e-10
0
0
2.8181274e-09
3.1694979e-10
3.4548912e-10
3.6999338e-10
3.9057337e-10
4.0924223e-10
4.2792377e-10
4.5325473e-10
0
0
0
2.9056503e-09
4.0729712e-10
4.4238997e-10
4.7203296e-10
4.9894799e-10
5.2588366e-10
5.6240704e-10
0
0
0
0
2.9977068e-09
5.0616263e-10
5.4645816e-10
5.8320757e-10
6.2001042e-10
6.699155e-10
0
0
0
0
0
3.1047605e-09
6.1951135e-10
6.6871629e-10
7.1816612e-10
7.8524572e-10
0
0
0
0
0
0
3.2253712e-09
7.5094593e-10
8.1611353e-10
9.0472518e-10
0
0
0
0
0
0
0
3.3708475e-09
9.1766765e-10
1.0348817e-09
0
0
0
0
0
0
0
0
3.5681775e-09
1.1894697e-09
0
0
0
0
0
0
0
0
0
3.9751097e-09
2.5800275e-09
6.8577362e-11
7.8557179e-11
8.354779e-11
8.7223717e-11
9.035294e-11
9.2976928e-11
9.5356865e-11
9.7738343e-11
1.0096735e-10
0
2.6725368e-09
1.6602851e-10
1.829713e-10
1.9555436e-10
2.0627727e-10
2.1526996e-10
2.2342641e-10
2.3158827e-10
2.4265511e-10
0
0
2.7557477e-09
2.469955e-10
2.697298e-10
2.8924617e-10
3.0563627e-10
3.2050424e-10
3.3538231e-10
3.5555603e-10
0
0
0
2.8255061e-09
3.1897051e-10
3.4688754e-10
3.7046296e-10
3.9186777e-10
4.1328888e-10
4.4233482e-10
0
0
0
0
2.8987186e-09
3.9747393e-10
4.2941217e-10
4.585321e-10
4.8769307e-10
5.2723558e-10
0
0
0
0
0
2.983491e-09
4.8701265e-10
5.2580146e-10
5.6477362e-10
6.1763863e-10
0
0
0
0
0
0
3.0784166e-09
5.9013415e-10
6.4115514e-10
7.1051859e-10
0
0
0
0
0
0
0
3.1920447e-09
7.1985105e-10
8.1086345e-10
0
0
0
0
0
0
0
0
3.3447047e-09
9.2904483e-10
0
0
0
0
0
0
0
0
0
3.6547577e-09
2.5685085e-09
5.0424954e-11
5.8053873e-11
6.1871016e-11
6.4682663e-11
6.7076149e-11
6.9083193e-11
7.0903568e-11
7.2725124e-11
7.5194949e-11
0
2.6393696e-09
1.2593088e-10
1.3922507e-10
1.4910009e-10
1.5751541e-10
1.6457286e-10
1.7097403e-10
1.7737946e-10
1.8606472e-10
0
0
2.7048624e-09
1.8991054e-10
2.0790796e-10
2.2335768e-10
2.3633237e-10
2.4810207e-10
2.5987978e-10
2.7584962e-10
0
0
0
2.7601601e-09
2.4703317e-10
2.6918442e-10
2.878884e-10
3.0486982e-10
3.2186412e-10
3.4490755e-10
0
0
0
0
2.818286e-09
3.0935297e-10
3.3468312e-10
3.577741e-10
3.8089691e-10
4.1225157e-10
0
0
0
0
0
2.8855157e-09
3.8028476e-10
4.1097004e-10
4.4179461e-10
4.8360665e-10
0
0
0
0
0
0
2.9605527e-09
4.6163995e-10
5.0182543e-10
5.5644965e-10
0
0
0
0
0
0
0
3.0499116e-09
5.6335456e-10
6.3459315e-10
0
0
0
0
0
0
0
0
3.1690583e-09
7.2590144e-10
0
0
0
0
0
0
0
0
0
3.4077478e-09
2.5597545e-09
3.6337323e-11
4.2050884e-11
4.4911769e-11
4.7019115e-11
4.8813052e-11
5.0317347e-11
5.1681735e-11
5.304701e-11
5.4898172e-11
0
2.6129546e-09
9.3765571e-11
1.0403527e-10
1.116663e-10
1.1816957e-10
1.2362351e-10
1.2857029e-10
1.3352037e-10
1.4023229e-10
0
0
2.6637421e-09
1.436656e-10
1.5775547e-10
1.6985263e-10
1.8001202e-10
1.892279e-10
1.9845006e-10
2.1095474e-10
0
0
0
2.7071206e-09
1.8859784e-10
2.0603865e-10
2.207655e-10
2.3413599e-10
2.4751662e-10
2.656601e-10
0
0
0
0
2.7529492e-09
2.3779883e-10
2.5779652e-10
2.7602516e-10
2.9427864e-10
3.1903044e-10
0
0
0
0
0
2.806069e-09
2.9386122e-10
3.1809907e-10
3.4244419e-10
3.7546672e-10
0
0
0
0
0
0
2.8653484e-09
3.5809001e-10
3.8978312e-10
4.3285888e-10
0
0
0
0
0
0
0
2.9357822e-09
4.3813042e-10
4.9411453e-10
0
0
0
0
0
0
0
0
3.0292462e-09
5.6523245e-10
0
0
0
0
0
0
0
0
0
3.214489e-09
2.5532675e-09
2.5667183e-11
2.9853628e-11
3.1951688e-11
3.3497193e-11
3.4812851e-11
3.5916089e-11
3.691672e-11
3.7918004e-11
3.9275638e-11
0
2.5923545e-09
6.8446874e-11
7.6232308e-11
8.2020236e-11
8.6953096e-11
9.1090048e-11
9.4842307e-11
9.859707e-11
1.0368825e-10
0
0
2.6310235e-09
1.0671281e-10
1.1757686e-10
1.2690732e-10
1.3474359e-10
1.4185212e-10
1.4896551e-10
1.5861083e-10
0
0
0
2.6645548e-09
1.415856e-10
1.5514976e-10
1.6660499e-10
1.7700535e-10
1.8741361e-10
2.0152672e-10
0
0
0
0
2.7002698e-09
1.8003008e-10
1.9566982e-10
2.0992653e-10
2.2420267e-10
2.435612e-10
0
0
0
0
0
2.7418793e-09
2.2401701e-10
2.4303784e-10
2.6214222e-10
2.8805589e-10
0
0
0
0
0
0
2.7884465e-09
2.745063e-10
2.9941082e-10
3.3325781e-10
0
0
0
0
0
0
0
2.8438156e-09
3.3740931e-10
3.8137273e-10
0
0
0
0
0
0
0
0
2.9171684e-09
4.3699347e-10
0
0
0
0
0
0
0
0
0
3.0615704e-09
2.5485791e-09
1.7788113e-11
2.0788265e-11
2.2293272e-11
2.3401967e-11
2.4345778e-11
2.5137207e-11
2.585503e-11
2.6573322e-11
2.7547251e-11
0
2.5766701e-09
4.8962723e-11
5.4742278e-11
5.9041689e-11
6.2706237e-11
6.5779546e-11
6.8567072e-11
7.1356461e-11
7.5138671e-11
0
0
2.6055072e-09
7.7732342e-11
8.595647e-11
9.3022885e-11
9.8958147e-11
1.0434226e-10
1.0973006e-10
1.1703559e-10
0
0
0
2.630963e-09
1.0434152e-10
1.1472303e-10
1.2349293e-10
1.3145554e-10
1.3942422e-10
1.5022939e-10
0
0
0
0
2.6583678e-09
1.3395143e-10
1.4601805e-10
1.5701913e-10
1.6803536e-10
1.8297345e-10
0
0
0
0
0
2.6905421e-09
1.6806049e-10
1.8282412e-10
1.976533e-10
2.1776803e-10
0
0
0
0
0
0
2.726751e-09
2.0739377e-10
2.2680156e-10
2.5317788e-10
0
0
0
0
0
0
0
2.7699561e-09
2.5652859e-10
2.9086302e-10
0
0
0
0
0
0
0
0
2.8272793e-09
3.3434238e-10
0
0
0
0
0
0
0
0
0
2.9398517e-09
2.5452697e-09
1.2113974e-11
1.4218295e-11
1.5274993e-11
1.6053474e-11
1.6716183e-11
1.7271894e-11
1.7775923e-11
1.8280282e-11
1.896414e-11
0
2.5650284e-09
3.4335052e-11
3.8531808e-11
4.1656091e-11
4.4319306e-11
4.6552862e-11
4.8578725e-11
5.0605944e-11
5.335471e-11
0
0
2.5860629e-09
5.550285e-11
6.1601822e-11
6.6845288e-11
7.1249886e-11
7.5245516e-11
7.9243878e-11
8.4665434e-11
0
0
0
2.6049976e-09
7.5411724e-11
8.3209237e-11
8.979891e-11
9.5782334e-11
1.0177035e-10
1.0988985e-10
0
0
0
0
2.625641e-09
9.7819599e-11
1.0697389e-10
1.1532171e-10
1.236813e-10
1.35017e-10
0
0
0
0
0
2.6501157e-09
1.2386516e-10
1.3515739e-10
1.4650115e-10
1.6188831e-10
0
0
0
0
0
0
2.6778773e-09
1.5411178e-10
1.6905025e-10
1.8935332e-10
0
0
0
0
0
0
0
2.7112026e-09
1.9209587e-10
2.1864884e-10
0
0
0
0
0
0
0
0
2.7556121e-09
2.5246421e-10
0
0
0
0
0
0
0
0
0
2.8429868e-09
2.5429351e-09
8.0721977e-12
9.5185225e-12
1.0245544e-11
1.0781179e-11
1.1237158e-11
1.1619518e-11
1.1966318e-11
1.2313345e-11
1.2783878e-11
0
2.5565515e-09
2.3575374e-11
2.6555822e-11
2.8776441e-11
3.0669573e-11
3.2257306e-11
3.3697401e-11
3.5138462e-11
3.709244e-11
0
0
2.5715534e-09
3.8804937e-11
4.3230442e-11
4.703779e-11
5.023645e-11
5.3138151e-11
5.6041839e-11
5.9979083e-11
0
0
0
2.5853339e-09
5.3386286e-11
5.9123066e-11
6.397365e-11
6.8378312e-11
7.2786389e-11
7.8763554e-11
0
0
0
0
2.6005686e-09
7.0010326e-11
7.6822856e-11
8.3037181e-11
8.9260534e-11
9.7699494e-11
0
0
0
0
0
2.6188374e-09
8.9540963e-11
9.8027962e-11
1.0655532e-10
1.181224e-10
0
0
0
0
0
0
2.6397624e-09
1.1242679e-10
1.2374715e-10
1.3913416e-10
0
0
0
0
0
0
0
2.6650853e-09
1.4138441e-10
1.6164626e-10
0
0
0
0
0
0
0
0
2.6990654e-09
1.8770279e-10
0
0
0
0
0
0
0
0
0
2.766311e-09
2.5414021e-09
5.3422619e-12
6.3192527e-12
6.8108207e-12
7.173005e-12
7.4813291e-12
7.7398735e-12
7.9743726e-12
8.2090256e-12
8.5271917e-12
0
2.5506217e-09
1.595159e-11
1.8024117e-11
1.9569593e-11
2.0887316e-11
2.1992482e-11
2.2994883e-11
2.3997957e-11
2.5358057e-11
0
0
2.5610931e-09
2.6670789e-11
2.9812625e-11
3.2517663e-11
3.4790586e-11
3.6852525e-11
3.8915879e-11
4.1713679e-11
0
0
0
2.5709038e-09
3.711875e-11
4.1249653e-11
4.4744471e-11
4.7918292e-11
5.1094601e-11
5.5401545e-11
0
0
0
0
2.5819079e-09
4.9193986e-11
5.4160227e-11
5.8692143e-11
6.3230896e-11
6.9385539e-11
0
0
0
0
0
2.5952678e-09
6.3549885e-11
6.9805712e-11
7.6092888e-11
8.4621442e-11
0
0
0
0
0
0
2.6107409e-09
8.0549423e-11
8.8975303e-11
1.0042954e-10
0
0
0
0
0
0
0
2.6296495e-09
1.0226112e-10
1.1747455e-10
0
0
0
0
0
0
0
0
2.6552529e-09
1.3729787e-10
0
0
0
0
0
0
0
0
0
2.7063948e-09
2.5403783e-09
3.4958839e-12
4.1458035e-12
4.4730831e-12
4.7142336e-12
4.9195236e-12
5.091669e-12
5.2478046e-12
5.4040426e-12
5.6158861e-12
0
2.5465238e-09
1.0631467e-11
1.2044922e-11
1.3099809e-11
1.3999358e-11
1.4753815e-11
1.543812e-11
1.6122884e-11
1.7051379e-11
0
0
2.5536884e-09
1.8021197e-11
2.0205138e-11
2.2086946e-11
2.3668406e-11
2.5103091e-11
2.6538763e-11
2.848546e-11
0
0
0
2.560525e-09
2.5347343e-11
2.825872e-11
3.0723378e-11
3.2961889e-11
3.5202176e-11
3.8239917e-11
0
0
0
0
2.5683033e-09
3.3931516e-11
3.7475822e-11
4.0711603e-11
4.3952483e-11
4.8347203e-11
0
0
0
0
0
2.577868e-09
4.4264953e-11
4.8782369e-11
5.3323823e-11
5.9484494e-11
0
0
0
0
0
0
2.5890785e-09
5.6642723e-11
6.2792931e-11
7.1155016e-11
0
0
0
0
0
0
0
2.6029288e-09
7.2621865e-11
8.3839197e-11
0
0
0
0
0
0
0
0
2.6218848e-09
9.8688151e-11
0
0
0
0
0
0
0
0
0
2.6602151e-09
