# Fiducial parameters, omega_b = 0.0221, omega_cdm = 0.12, 100*theta_s = 1.0411, tau_reio = 0.09, custom1 = 0.3, custom2 = 0.2, custom3 = 0.032826, custom4 = 4.515, custom5 = -11, sigma_NL = 7, beta_0^Euclid = 1, beta_1^Euclid = 1, Omega_Lambda = 0, Omega_m = 0, H0 = 0, sigma8 = 0
33974.159 34300.157
32403.504 32698.556
30927.045 31194.189
29538.652 29780.644
28232.528 28451.858
27003.213 27202.13
25845.58 26026.11
24754.832 24918.798
23726.485 23875.527
22756.361 22891.952
21840.569 21964.033
20975.491 21088.014
20157.766 20260.413
19384.271 19477.997
18652.108 18737.772
17958.591 18036.96
17301.223 17372.988
16677.69 16743.471
16085.845 16146.198
15523.695 15579.118
14989.39 15040.332
14481.21 14528.076
13997.56 14040.713
13536.957 13576.723
13098.021 13134.695
12679.468 12713.316
12280.103 12311.365
33792.722 34124.908
32230.847 32531.519
30762.623 31034.864
29381.956 29628.563
28083.083 28306.586
26860.574 27063.26
25709.334 25893.264
24624.592 24791.623
23601.893 23753.694
22637.082 22775.155
21726.291 21851.985
20865.925 20980.45
20052.641 20157.083
19283.336 19378.671
18555.129 18642.233
17865.349 17945.005
17211.515 17284.429
16591.326 16658.131
16002.648 16063.911
15443.499 15499.73
14912.04 14963.698
14406.562 14454.06
13925.478 13969.187
13467.314 13507.568
13030.697 13067.798
12614.353 12648.571
12217.092 12248.674
32729.677 33054.007
31217.279 31510.649
29795.535 30060.986
28458.547 28698.838
27200.739 27418.366
26016.856 26214.074
24901.968 25080.81
23851.458 24013.752
22861.015 23008.407
21926.619 22060.585
21044.525 21166.394
20211.254 20322.216
19423.571 19524.695
18678.472 18770.716
17973.17 18057.392
17305.077 17382.048
16671.794 16742.205
16071.092 16135.563
15500.906 15559.993
14959.316 15013.518
14444.543 14494.309
13954.931 14000.664
13488.946 13531.008
13045.158 13083.875
12622.239 12657.905
12218.954 12251.834
11834.153 11864.485
31277.818 31587.062
29832.815 30112.224
28474.387 28726.92
27196.907 27425.245
25995.051 26201.619
24863.805 25050.789
23798.462 23967.833
22794.615 22948.144
21848.147 21987.426
20955.221 21081.678
20112.263 20227.179
19315.948 19420.473
18563.189 18658.351
17851.117 17937.838
17177.069 17256.176
16538.575 16610.807
15933.343 15999.363
15359.244 15419.646
14814.306 14869.621
14296.694 14347.401
13804.709 13851.235
13336.77 13379.499
12891.409 12930.686
12467.262 12503.397
12063.06 12096.331
11677.622 11708.281
11309.85 11338.122
30439.367 30742.785
29033.421 29307.392
27711.682 27959.137
26468.679 26692.274
25299.236 25501.37
24198.476 24381.315
23161.823 23327.318
22184.991 22334.895
21263.979 21399.866
20395.052 20518.336
19574.737 19686.684
18799.8 18901.546
18067.239 18159.8
17374.264 17458.55
16718.285 16795.111
16096.899 16166.996
15507.876 15571.897
14949.148 15007.677
14418.794 14472.355
13915.031 13964.094
13436.204 13481.191
12980.778 13022.064
12547.322 12585.247
12134.511 12169.379
11741.11 11773.193
11365.97 11395.515
11008.022 11035.249
30346.359 30656.523
28945.07 29225.182
27627.698 27880.732
26388.787 26617.442
25223.179 25429.897
24126.015 24313
23092.734 23261.972
22119.065 22272.345
21201.021 21339.949
20334.881 20460.901
19517.184 19631.59
18744.709 18848.662
18014.463 18109.002
17323.668 17409.725
16669.742 16748.151
16050.293 16121.802
15463.097 15528.375
14906.094 14965.74
14377.37 14431.922
13875.149 13925.088
13397.782 13443.541
12943.738 12985.703
12511.594 12550.112
12100.026 12135.41
11707.806 11740.336
11333.788 11363.716
10976.907 11004.461
30028.877 30341.933
28642.594 28925.303
27339.313 27594.67
26113.639 26344.362
24960.469 25169.018
23874.996 24063.597
22852.709 23023.367
21889.385 22043.906
20981.08 21121.088
20124.116 20251.068
19315.068 19430.274
18550.752 18655.386
17828.208 17923.322
17144.688 17231.224
16497.64 16576.444
15884.697 15956.524
15303.661 15369.19
14752.494 14812.331
14229.302 14283.992
13732.331 13782.361
13259.948 13305.755
12810.639 12852.616
12382.997 12421.495
11975.714 12011.049
11587.572 11620.029
11217.44 11247.274
10864.264 10891.704
28862.588 29162.391
27530.423 27800.855
26277.986 26521.969
25100.099 25320.283
23991.861 24190.646
22948.658 23128.211
21966.16 22128.432
21040.31 21187.057
20167.321 20300.122
19343.662 19463.932
18566.044 18675.053
17831.408 17930.294
17136.913 17226.694
16479.917 16561.505
15857.971 15932.183
15268.801 15336.366
14710.294 14771.866
14180.494 14236.657
13677.58 13728.858
13199.868 13246.729
12745.788 12788.652
12313.887 12353.129
11902.811 11938.768
11511.304 11544.278
11138.197 11168.458
10782.401 10810.193
10442.903 10468.445
27593.522 27876.981
26320.173 26575.478
25122.998 25352.98
23997.05 24204.278
22937.652 23124.446
21940.398 22108.853
21001.152 21153.152
20116.041 20253.281
19281.449 19405.447
18494.001 18606.122
17750.558 17852.021
17048.197 17140.094
16384.204 16467.511
15756.055 15831.647
15161.411 15230.066
14598.097 14660.514
14064.098 14120.898
13557.541 13609.281
13076.689 13123.866
12619.929 12662.989
12185.765 12225.104
11772.805 11808.778
11379.756 11412.681
11005.417 11035.579
10648.671 10676.324
10308.477 10333.85
9983.8675 10007.165
27141.357 27423.664
25889.165 26143.345
24711.864 24940.745
23604.592 23810.737
22562.75 22748.478
21582.006 21749.411
20658.294 20809.262
19787.808 19924.032
18966.992 19089.994
18192.531 18303.673
17461.336 17561.84
16770.536 16861.496
16117.462 16199.854
15499.635 15574.333
14914.753 14982.538
14360.68 14422.249
13835.434 13891.41
13337.174 13388.115
12864.192 12910.595
12414.904 12457.212
11987.837 12026.448
11581.623 11616.892
11194.993 11227.237
10826.763 10856.267
10475.836 10502.854
10141.189 10165.948
9821.8697 9844.5751
27003.294 27290.777
25757.784 26016.681
24586.76 24819.925
23485.382 23695.407
22449.075 22638.31
21473.531 21644.095
20554.706 20708.511
19688.812 19827.58
18872.315 18997.591
18101.917 18215.087
17374.548 17476.855
16687.351 16779.908
16037.674 16121.477
15423.05 15498.99
14841.192 14910.066
14289.975 14352.494
13767.428 13824.23
13271.722 13323.374
12801.158 12848.169
12354.16 12396.985
11929.264 11968.308
11525.11 11560.738
11140.435 11172.97
10774.064 10803.798
10424.904 10452.097
10091.937 10116.823
9774.2187 9797.0069
26137.541 26414.635
24932.199 25181.46
23798.914 24023.141
22733.009 22934.739
21730.057 21911.59
20785.893 20949.305
19896.605 20043.766
19058.532 19191.125
18268.254 18387.788
17522.581 17630.412
16818.545 16915.885
16153.383 16241.318
15524.528 15604.029
14929.596 15001.53
14366.373 14431.515
13832.804 13891.846
13326.981 13380.543
12847.136 12895.768
12391.626 12435.82
11958.924 11999.121
11547.614 11584.208
11156.382 11189.722
10784.003 10814.403
10429.342 10457.083
10091.341 10116.672
9769.0149 9792.1621
9461.4489 9482.6123
24932.135 25190.402
23782.555 24014.398
22701.664 22909.777
21685.007 21871.832
20728.368 20896.114
19827.779 19978.438
18979.512 19114.876
18180.081 18301.76
17426.225 17535.662
16714.906 16813.393
16043.294 16131.987
15408.757 15488.688
14808.847 14880.939
14241.293 14306.366
13703.983 13762.772
13194.958 13248.118
12712.401 12760.513
12254.624 12298.207
11820.061 11859.577
11407.256 11443.119
11014.86 11047.435
10641.617 10671.233
10286.361 10313.309
9948.0085 9972.5491
9625.5505 9647.9155
9318.0483 9338.4449
9024.628 9043.2413
24473.57 24728.806
23345.366 23574.367
22284.562 22490.001
21286.785 21471.088
20347.899 20513.261
19464.009 19612.409
18631.46 18764.681
17846.828 17966.471
17106.917 17214.417
16408.746 16505.389
15749.538 15836.474
15126.711 15204.967
14537.864 14608.357
13980.767 14044.317
13453.351 13510.686
12953.694 13005.464
12480.011 12526.796
12030.647 12072.962
11604.065 11642.371
11198.838 11233.544
10813.641 10845.112
10447.243 10475.803
10098.5 10124.439
9766.3466 9789.9223
9449.7945 9471.2371
9147.9224 9167.4369
8859.8726 8877.6421
24330.861 24590.29
23209.497 23442.333
22155.124 22364.055
21163.393 21350.861
20230.19 20398.41
19351.644 19502.614
18524.119 18659.641
17744.214 17865.91
17008.752 17118.075
16314.769 16413.023
15659.506 15747.86
15040.397 15119.894
14455.057 14526.629
13901.27 13965.751
13376.978 13435.111
12880.274 12932.721
12409.383 12456.736
11962.662 12005.446
11538.582 11577.267
11135.726 11170.731
10752.778 10784.475
10388.514 10417.235
10041.796 10067.838
9711.5692 9735.1956
9396.8485 9418.2951
9096.7192 9116.1962
8810.3292 8828.024
23460.735 23706.565
22379.629 22599.878
21363.086 21560.364
20406.916 20583.593
19507.157 19665.38
18660.079 18801.786
17862.179 17989.116
17110.181 17223.916
16401.023 16502.962
15731.849 15823.254
15100.003 15181.999
14503.01 14576.605
13938.573 14004.664
13404.556 13463.945
12898.978 12952.378
12419.997 12468.044
11965.905 12009.166
11535.117 11574.096
11126.162 11161.306
10737.672 10769.38
10368.377 10397.006
10017.1 10042.964
9682.7438 9706.1238
9364.289 9385.4355
9060.788 9079.9234
8771.3583 8788.6809
8495.1782 8510.8646
22526.535 22756.124
21488.596 21693.82
20512.618 20695.993
19594.58 19758.394
18730.685 18877.003
17917.352 18048.04
17151.223 17267.958
16429.154 16533.442
15748.208 15841.398
15105.647 15188.945
14498.92 14573.403
13925.653 13992.284
13383.642 13443.276
12870.838 12924.237
12385.338 12433.182
11925.376 11968.267
11489.313 11527.788
11075.627 11110.161
10682.905 10713.922
10309.835 10337.71
9955.1985 9980.2651
9617.8639 9640.4175
9296.7787 9317.082
8990.9644 9009.2506
8699.511 8715.9869
8421.5712 8436.4205
8156.3561 8169.742
22380.696 22613.627
21349.692 21557.987
20380.238 20566.421
19468.341 19634.703
18610.22 18758.84
17802.322 17935.075
17041.306 17159.885
16324.051 16429.974
15647.638 15742.269
15009.346 15093.906
14406.643 14482.222
13837.171 13904.745
13298.741 13359.178
12789.317 12843.392
12307.01 12355.413
11850.067 11893.412
11416.859 11455.692
11005.875 11040.681
10615.713 10646.924
10245.07 10273.068
9892.7349 9917.8616
9557.585 9580.1424
9238.5749 9258.8315
8934.733 8952.9276
8645.1557 8661.5
8369.0015 8383.6838
8105.4871 8118.6747
22023.939 22254.655
21009.539 21215.785
20055.7 20239.97
19158.485 19323.051
18314.178 18461.101
17519.279 17650.42
16770.502 16887.542
16064.774 16169.224
15399.225 15492.44
14771.178 14854.373
14178.141 14252.403
13617.796 13684.095
13087.987 13147.191
12586.715 12639.595
12112.12 12159.364
11662.477 11704.698
11236.185 11273.927
10831.758 10865.506
10447.816 10477.999
10083.078 10110.079
9736.3526 9760.5113
9406.5353 9428.1532
9092.5979 9111.9429
8793.5848 8810.8947
8508.607 8524.0931
8236.8369 8250.6867
7977.5039 7989.8839
21093.819 21305.918
20122.312 20311.348
19208.782 19377.143
18349.464 18499.322
17540.802 17674.125
16779.445 16898.011
16062.252 16167.661
15386.282 15479.971
14748.786 14832.044
14147.203 14221.182
13579.148 13644.878
13042.402 13100.801
12534.903 12586.788
12054.734 12100.833
11600.118 11641.076
11169.401 11205.794
10761.052 10793.389
10373.646 10402.38
10005.862 10031.394
9656.4742 9679.1583
9324.3421 9344.4934
9008.407 9026.3041
8707.6845 8723.5741
8421.2592 8435.3597
8148.2798 8160.7843
7887.9536 7899.0331
7639.5423 7649.3482
20793.568 21004.131
19836.028 20023.66
18935.637 19102.697
18088.682 18237.319
17291.652 17423.817
16541.247 16658.703
15834.365 15938.704
15168.109 15260.759
14539.77 14622.014
13946.822 14019.809
13386.916 13451.671
12857.863 12915.302
12357.633 12408.572
11884.336 11929.503
11436.22 11476.26
11011.658 11047.145
10609.138 10640.582
10227.258 10255.112
9864.7164 9889.3809
9520.3043 9542.1352
9192.8987 9212.2108
8881.4562 8898.5286
8585.0069 8600.0865
8302.6489 8315.9544
8033.5433 8045.2681
7776.9088 7787.2241
7532.0182 7541.0755
20668.463 20882.711
19716.844 19907.918
18822.038 18992.288
17980.347 18131.921
17188.279 17323.13
16442.548 16562.445
15740.07 15846.613
15077.964 15172.592
14453.535 14537.543
13864.273 13938.823
13307.842 13373.972
12782.068 12840.707
12284.932 12336.908
11814.557 11860.61
11369.201 11409.989
10947.247 10983.355
10547.194 10579.144
10167.65 10195.903
9807.3195 9832.2867
9465.0029 9487.0487
9139.5842 9159.0318
8830.0269 8847.163
8535.3675 8550.4461
8254.71 8267.9563
7987.2211 7998.8345
7732.1247 7742.282
7488.6983 7497.5558
19880.328 20077.733
18965.004 19140.526
18104.312 18260.2
17294.699 17433.006
16532.808 16655.398
15815.479 15924.042
15139.748 15235.809
14502.843 14587.774
13902.176 13977.208
13335.332 13401.57
12800.066 12858.496
12294.288 12345.79
11816.055 11861.413
11363.562 11403.476
10935.137 10970.227
10529.222 10560.04
10144.375 10171.411
9779.2567 9802.9437
9432.6221 9453.3447
9103.3166 9121.4151
8790.2671 8806.0427
8492.4769 8506.1957
8209.019 8220.9165
7939.0318 7949.3159
7681.7136 7690.5678
7436.318 7443.9044
7202.15 7208.6115
19590.192 19785.757
18688.313 18862.188
17840.279 17994.673
17042.581 17179.515
16291.909 16413.222
15585.146 15692.506
14919.369 15014.287
14291.846 14375.68
13700.025 13773.997
13141.527 13206.734
12614.137 12671.56
12115.798 12166.311
11644.594 11688.981
11198.749 11237.705
10776.612 10810.757
10376.652 10406.537
9997.4461 10023.56
9637.6753 9660.4516
9296.1141 9315.9371
8971.6246 8988.8349
8663.15 8678.0488
8369.7084 8382.5623
8090.3868 8101.4317
7824.3365 7833.7806
7570.7678 7578.7951
7328.9456 7335.7185
7098.1851 7103.8469
19496.106 19696.365
18598.675 18776.978
17754.852 17913.39
16961.137 17101.922
16214.228 16339.097
15511.018 15621.643
14848.595 14946.493
14224.236 14310.775
13635.399 13711.814
13079.716 13147.116
12554.982 12614.363
12059.149 12111.399
11590.31 11636.227
11146.697 11186.992
10726.668 10761.975
10328.7 10359.581
9951.3775 9978.3354
9593.3875 9616.8681
9253.5111 9273.9106
8930.6168 8948.2864
8623.6533 8638.9047
8331.6441 8344.7532
8053.681 8064.8926
7788.92 7798.4507
7536.5757 7544.617
7295.9169 7302.6383
7066.2627 7071.8139
18784.131 18967.922
17919.421 18082.545
17106.361 17250.904
16341.58 16469.453
15621.895 15734.846
14944.313 15043.931
14306.028 14393.754
13704.417 13781.552
13137.032 13204.746
12601.59 12660.936
12095.968 12147.887
11618.192 11663.528
11166.426 11205.931
10738.968 10773.311
10334.234 10364.014
9950.7563 9976.5033
9587.1725 9609.3581
9242.2176 9261.2597
8914.7173 8930.9864
8603.581 8617.4053
8307.7961 8319.4658
8026.4218 8036.1932
7758.5829 7766.6828
7503.4663 7510.0947
7260.3151 7265.6485
7028.425 7032.6187
6807.1397 6810.3308
18651.165 18838.303
17792.644 17958.985
16985.439 17133.034
16226.19 16356.93
15511.73 15627.348
14839.08 14941.159
14205.451 14295.43
13608.235 13687.414
13044.997 13114.553
12513.469 12574.462
12011.543 12064.922
11537.257 11583.874
11088.788 11129.405
10664.445 10699.744
10262.656 10293.244
9881.9645 9908.3827
9521.0171 9543.7471
9178.5585 9198.028
8853.423 8870.012
8544.5285 8558.5741
8250.8698 8262.6707
7971.5133 7981.3338
7705.5908 7713.6651
7452.2949 7458.8303
7210.875 7216.0543
6980.6319 6984.6167
6760.9146 6763.8475
18388.484 18574.443
17542.071 17707.449
16746.28 16893.073
15997.79 16127.845
15293.472 15408.488
14630.384 14731.915
14005.771 14095.234
13417.058 13495.738
12861.842 12930.904
12337.888 12398.379
11843.113 11895.979
11375.582 11421.67
10933.5 10973.569
10515.196 10549.926
10119.124 10149.122
9743.8444 9769.6518
9388.025 9410.1241
9050.4281 9069.2479
8729.9046 8745.8267
8425.388 8438.7511
8135.8878 8146.9924
7860.4837 7869.5962
7598.3201 7605.6765
7348.6015 7354.4109
7110.5881 7115.0352
6883.5909 6886.839
6666.9684 6669.1617
17793.228 17965.123
16974.114 17126.577
16203.999 16338.923
15479.669 15598.803
14798.092 14903.049
14156.418 14248.675
13551.98 13632.883
12982.286 13053.056
12445.009 12506.754
11937.983 11991.701
11459.196 11505.783
11006.774 11047.035
10578.977 10613.635
10174.191 10203.891
9790.9183 9816.2354
9427.7669 9449.2145
9083.4465 9101.4815
8756.7598 8771.7879
8446.5951 8458.9766
8151.9201 8161.9746
7871.7765 7879.787
7605.2738 7611.4905
7351.584 7356.2285
7109.9374 7113.2054
6879.6181 6881.682
6659.9594 6660.9713
6450.3406 6450.4344
17764.41 17944.041
16946.659 17106.487
16177.884 16319.762
15454.856 15580.517
14774.536 14885.584
14134.072 14231.982
13530.791 13616.916
12962.201 13037.773
12425.973 12492.114
11919.942 11977.668
11442.097 11492.322
10990.564 11034.115
10563.607 10601.225
10159.612 10191.963
9777.0831 9804.763
9414.6321 9438.1736
9070.9702 9090.8493
8744.9025 8761.5431
8435.3193 8449.0992
8141.1906 8152.4459
7861.5601 7870.5895
7595.5394 7602.6079
7342.3024 7347.6454
7101.0813 7104.9073
6871.1618 6873.6554
6651.8791 6653.2035
6442.6138 6442.9134
17227.865 17394.881
16434.677 16582.965
15689.014 15820.323
14987.741 15103.707
14327.905 14430.045
13706.737 13796.45
13121.64 13200.211
12570.194 12638.795
12050.141 12109.838
11559.378 11611.138
11095.952 11140.647
10658.048 10696.464
10243.979 10276.824
9852.1799 9880.0879
9481.2002 9504.7387
9129.6925 9149.3692
8796.4069 8812.6749
8480.1843 8493.4473
8179.9487 8190.5657
7894.701 7902.9915
7623.5138 7629.7612
7365.5253 7369.981
7119.9346 7122.8214
6885.997 6887.512
6663.0198 6663.3372
6450.3582 6449.6318
6247.4116 6245.7771
16878.311 17039.903
16101.107 16244.562
15370.51 15497.489
14683.437 14795.502
14036.988 14135.592
13428.441 13514.93
12855.248 12930.861
12315.032 12380.905
11805.578 11862.744
11324.823 11374.223
10870.853 10913.336
10441.885 10478.219
10036.267 10067.143
9652.4663 9678.5044
9289.0589 9310.8158
8944.725 8962.6988
8618.2401 8632.876
8308.4684 8320.1632
8014.3558 8023.4627
7734.9234 7741.7572
7469.2628 7474.1027
7216.53 7219.6238
6975.9403 6977.5079
6746.7644 6747.0003
6528.3238 6527.4001
6319.9871 6318.0556
6121.1661 6118.3608
16593.832 16752.636
15829.613 15970.71
15111.271 15236.236
14435.763 14546.087
13800.226 13897.306
13201.975 13287.111
12638.498 12712.892
12107.455 12172.21
11606.662 11662.787
11134.088 11182.503
10687.848 10729.387
10266.188 10301.607
9867.4819 9897.4626
9490.2213 9515.3768
9133.0064 9153.8877
8794.5389 8811.6401
8473.6145 8487.3781
8169.1166 8179.9376
7880.0086 7888.2394
7605.3284 7611.2832
7344.1831 7348.1411
7095.743 7097.9524
6859.2368 6859.9182
6633.9479 6633.2965
6419.2095 6417.3982
6214.401 6211.5827
6018.9445 6015.2542
16075.873 16221.089
15335.285 15463.978
14639.187 14752.813
13984.622 14084.567
13368.812 13456.374
12789.147 12865.543
12243.192 12309.547
11728.673 11786.022
11243.473 11292.765
10785.621 10827.722
10353.288 10388.985
9944.7752 9974.7787
9558.5045 9583.4583
9193.0136 9213.4966
8846.9457 8863.4779
8519.0423 8532.0901
8208.1361 8218.117
7913.145 7920.4316
7633.0645 7637.9889
7366.9622 7369.8204
7113.9728 7115.0276
6873.2925 6872.7772
6644.174 6642.2955
6425.9228 6422.8642
6217.893 6213.8161
6019.4833 6014.5308
5830.1338 5824.4314
15605.893 15738.998
14886.715 15004.393
14210.779 14314.369
13575.205 13665.987
12977.287 13056.468
12414.487 12483.199
11884.432 11943.729
11384.912 11435.766
10913.868 10957.171
10469.383 10505.951
10049.68 10080.254
9653.1069 9678.3592
9278.1308 9298.6698
8923.3305 8939.7041
8587.3881 8600.0887
8269.081 8278.5502
7967.2755 7973.9089
7680.9204 7685.0709
7409.0405 7411.0226
7150.7302 7150.8242
6905.1495 6903.6039
6671.5177 6668.5532
6449.1094 6444.9213
6237.2503 6232.0114
6035.3133 6029.176
5842.7148 5835.8133
5658.9112 5651.3634
15248.071 15374.03
14545.154 14656.465
13884.554 13982.446
13263.443 13349.102
12679.166 12753.72
12129.233 12193.748
11611.319 11666.79
11123.26 11170.608
10663.037 10703.112
10228.774 10262.357
9818.7321 9846.5327
9431.2941 9453.9587
9064.9604 9083.0748
8718.3409 8732.4339
8390.1468 8400.6943
8079.1827 8086.6124
7784.3401 7789.0357
7504.5917 7506.8959
7238.9841 7239.2027
6986.6325 6985.0381
6746.7159 6743.5506
6518.4716 6513.9503
6301.1908 6295.5042
6094.2146 6087.5313
5896.9306 5889.3993
5708.7686 5700.5202
5529.1976 5520.3473
14756.241 14867.589
14075.678 14173.666
13436.126 13521.854
12834.84 12909.376
12269.24 12333.61
11736.911 11792.087
11235.597 11282.49
10763.197 10802.655
10317.754 10350.56
9897.4493 9924.3257
9500.5971 9522.2005
9125.6299 9142.5595
8771.0944 8783.8938
8435.6441 8444.8041
8118.0303 8123.9931
7817.095 7820.2579
7531.7648 7532.4841
7261.0446 7259.6386
7004.0114 7000.7638
6759.8083 6754.9718
6527.6404 6521.4393
6306.7695 6299.4024
6096.5091 6088.1521
5896.2217 5887.03
5705.3143 5695.4246
5523.2351 5512.7673
5349.4699 5338.5293
14068.643 14154.689
13419.351 13494.043
12809.208 12873.489
12235.59 12290.383
11696.035 11742.228
11188.235 11226.672
10710.036 10741.513
10259.432 10284.687
9834.554 9854.2725
9433.6659 9448.4769
9055.1576 9065.6348
8697.533 8704.1984
8359.4046 8362.7315
8039.4871 8039.9019
7736.5885 7734.4742
7449.6034 7445.3036
7177.5072 7171.3289
6919.3504 6911.5665
6674.2518 6665.1049
6441.3937 6431.0987
6220.0175 6208.7642
6009.4185 5997.3739
5808.9418 5796.253
5617.9789 5604.7746
5435.964 5422.3566
5262.3704 5248.4575
5096.7076 5082.5741
13542.018 13609.963
12916.62 12974.745
12328.968 12378.076
11776.528 11817.413
11256.921 11290.355
10767.92 10794.642
10307.445 10328.155
9873.56 9888.9119
9464.4627 9475.0625
9078.4782 9084.8847
8714.0536 8716.7768
8369.7461 8369.2507
8044.2181 8040.9254
7736.2305 7730.5201
7444.6344 7436.8469
7168.3644 7158.805
6906.4331 6895.3741
6657.9256 6645.6086
6421.9928 6408.6319
6197.8469 6183.6313
5984.7571 5969.853
5782.0446 5766.5979
5589.0785 5573.2168
5405.2727 5389.1072
5230.0822 5213.7092
5062.9998 5046.5023
4903.5531 4887.0025
13091.304 13144.232
12486.309 12530.754
11917.875 11954.506
11383.542 11413.032
10881 10904.012
10408.087 10425.265
9962.7868 9974.743
9543.2216 9550.5319
9147.6439 9150.8457
8774.4304 8774.0208
8422.0766 8418.5104
8089.1849 8082.8775
7774.4596 7765.7882
7476.7008 7466.0054
7194.7962 7182.3821
6927.7144 6913.8552
6674.4997 6659.4392
6434.2666 6418.2209
6206.1935 6189.3536
5989.5181 5972.0526
5783.5334 5765.5898
5587.5827 5569.29
5401.0556 5382.5264
5223.3852 5204.7169
5054.0446 5035.3208
4892.543 4873.8355
4738.4236 4719.7937
12555.368 12587.714
11974.642 12000.214
11429.049 11448.366
10916.22 10929.82
10433.932 10442.355
9980.1063 9983.8791
9552.801 9552.4336
9150.2113 9146.1848
8770.6568 8763.4221
8412.5766 8402.5528
8074.525 8062.0954
7755.1583 7740.6737
7453.2315 7437.0104
7167.5917 7149.9207
6897.1701 6878.3062
6640.9762 6621.1489
6398.0917 6377.505
6167.6663 6146.4999
5948.9109 5927.3228
5741.0934 5719.2222
5543.5349 5521.501
5355.6051 5333.5124
5176.7177 5154.6561
5006.3286 4984.3748
4843.9319 4822.1508
4689.0565 4667.5026
4541.264 4519.9826
11907.463 11911.706
11356.091 11355.76
10838.101 10833.551
10351.24 10342.855
9893.3968 9881.5698
9462.5943 9447.7177
9056.9872 9039.4438
8674.8598 8655.0132
8314.615 8292.8075
7974.7689 7951.3192
7653.9476 7629.1464
7350.8738 7324.9868
7064.3644 7037.6319
6793.3237 6765.9605
6536.736 6508.9331
6293.6598 6265.5864
6063.2227 6035.0272
5844.6166 5816.4281
5637.0918 5609.0218
5439.9527 5412.0971
5252.5544 5224.9942
5074.2977 5047.1013
4904.6258 4877.8503
4743.0217 4716.7138
4589.0049 4563.2017
4442.128 4416.8586
4301.9743 4277.2609
11281.692 11257.699
10758.638 10732.28
10267.276 10238.745
9805.4687 9774.9919
9371.2094 9339.0351
8962.6205 8929.005
8577.9493 8543.1485
8215.5666 8179.826
7873.9551 7837.508
7551.7055 7514.7697
7247.513 7210.2864
6960.1645 6922.8272
6688.5362 6651.2498
6431.5877 6394.4948
6188.3544 6151.5798
5957.9423 5921.5941
5739.5228 5703.6939
5532.3287 5497.097
5335.6482 5301.0783
5148.8208 5114.9657
4971.2341 4938.1357
4802.3195 4770.01
4641.5483 4610.0516
4488.4296 4457.7621
4342.5073 4312.6785
4203.3568 4174.3702
4070.5827 4042.4369
10768.651 10721.96
10268.754 10221.547
9799.1835 9751.5007
9357.8906 9309.8192
8942.9534 8894.6107
8552.5727 8504.0948
8185.0696 8136.6019
7838.8837 7790.5705
7512.562 7464.5437
7204.7551 7157.1649
6914.214 6867.1721
6639.7774 6593.3933
6380.3696 6334.7403
6134.9949 6090.2043
5902.7305 5858.8495
5682.7207 5639.8088
5474.1729 5432.2784
5276.3532 5235.5133
5088.5806 5048.823
4910.2235 4871.5673
4740.6962 4703.1525
4579.4548 4543.0276
4425.9938 4390.6814
4279.8438 4245.6391
4140.5687 4107.4598
4007.7626 3975.7333
3881.0475 3850.0785
10340.951 10275.764
9860.3029 9796.1781
9408.8608 9345.6948
8984.6459 8922.3956
8585.8037 8524.4675
8210.5984 8150.2042
7857.4104 7798.0056
7524.7352 7466.3753
7211.1722 7153.917
6915.4206 6859.3305
6636.277 6581.4065
6372.6227 6319.0214
6123.4215 6071.1328
5887.7145 5836.7735
5664.6132 5615.0469
5453.2939 5405.1218
5252.9936 5206.228
5063.0061 5017.6515
4882.676 4838.7304
4711.3955 4668.8513
4548.6012 4507.4451
4393.77 4353.9838
4246.4155 4207.9775
4106.0863 4068.9712
3972.3631 3936.5421
3844.8555 3810.2974
3723.1999 3689.8716
9909.0642 9824.2931
9447.8396 9365.78
9014.6869 8935.0907
8607.6998 8530.3909
8225.0925 8149.9472
7865.1932 7792.1285
7526.4431 7455.405
7207.3941 7138.3459
6906.6986 6839.6165
6623.1053 6557.9735
6355.4568 6292.2607
6102.6774 6041.4042
5863.7709 5804.4071
5637.8157 5580.3449
5423.9578 5368.3603
5221.4056 5167.6586
5029.4261 4977.5034
4847.3409 4797.2122
4674.5205 4626.1523
4510.3811 4463.737
4354.3818 4309.4222
4206.0202 4162.7033
4064.8294 4023.1118
3930.376 3890.2127
3802.2576 3763.6019
3680.0994 3642.9037
3563.5526 3527.7688
9442.2999 9334.7594
9002.0702 8899.0954
8588.6764 8489.8684
8200.2931 8105.3359
7835.2106 7743.8506
7491.8285 7403.8627
7168.6546 7083.9187
6864.3033 6782.6591
6577.4851 6498.8157
6307.0026 6231.2071
6051.749 5978.735
5810.6954 5740.3788
5582.889 5515.1913
5367.4485 5302.2941
5163.5575 5100.8726
4970.4593 4910.1719
4787.4533 4729.492
4613.891 4558.1846
4449.1709 4395.6484
4292.7353 4241.3261
4144.0672 4094.7007
4002.6868 3955.2926
3868.148 3822.6568
3740.0369 3696.3799
3617.9691 3576.0779
3501.5868 3461.3939
3390.5569 3351.9959
9017.0753 8888.5533
8595.9344 8473.7159
8200.5117 8084.0516
7829.0542 7717.9011
7479.9204 7373.6962
7151.574 7049.9609
6842.5823 6745.3111
6551.6162 6458.4527
6277.4383 6188.1778
6018.9 5933.3616
5774.94 5692.9583
5544.5715 5465.996
5326.8812 5251.5729
5121.0243 5048.8526
4926.2185 4857.0594
4741.7384 4675.4744
4566.9129 4503.4313
4401.1209 4340.3126
4243.7861 4185.5458
4094.3743 4038.6002
3952.3907 3898.9835
3817.3757 3766.2392
3688.9021 3639.9434
3566.574 3519.7026
3450.0232 3405.151
3338.9074 3295.9489
3232.9077 3191.7801
8707.1571 8564.8113
8299.8476 8165.0848
7917.4713 7789.6144
7558.322 7436.8011
7220.8029 7105.1339
6903.4199 6793.1907
6604.781 6499.6378
6323.5947 6223.2281
6058.6596 5962.7978
5808.8607 5717.2631
5573.1686 5485.6162
5350.6259 5266.9207
5140.3471 5060.3077
4941.5132 4864.9712
4753.3662 4680.1637
4575.2034 4505.1926
4406.3745 4339.4158
4246.2782 4182.2383
4094.3567 4033.1085
3950.0927 3891.515
3813.0073 3756.9835
3682.656 3629.0741
3558.6254 3507.3782
3440.5322 3391.5168
3328.0208 3281.1374
3220.7598 3175.9127
3118.441 3075.5379
8486.287 8335.9688
8088.7469 7946.924
7715.6139 7581.487
7365.2084 7238.1017
7035.9594 6915.2972
6726.3988 6611.6896
6435.1589 6325.9809
6160.9726 6056.957
5902.6611 5803.4856
5659.1316 5564.5118
5429.3754 5339.0546
5212.4549 5126.2027
5007.5032 4925.1104
4813.7193 4734.9932
4630.3614 4555.1238
4456.7427 4384.8278
4292.2275 4223.4805
4136.2283 4070.5027
3988.2001 3925.3576
3847.6379 3787.5474
3714.074 3656.6105
3587.0744 3532.1186
3466.2357 3413.6743
3351.1841 3300.9086
3241.5724 3193.4784
3137.0774 3091.0651
3037.3986 2993.3721
8264.5886 8106.0498
7876.8456 7727.7368
7512.9819 7372.3803
7171.3445 7038.4671
6850.389 6724.5669
6548.6728 6429.334
6264.8532 6151.5062
5997.6871 5889.9031
5746.0189 5643.4233
5508.7775 5411.0411
5284.9754 5191.8027
5073.6946 4984.8219
4874.0871 4789.2764
4685.3694 4604.4031
4506.8165 4429.4949
4337.7572 4263.8961
4177.5706 4106.9991
4025.6827 3958.2408
3881.5618 3817.099
3744.7147 3683.0899
3614.6853 3555.7644
3491.05 3434.7063
3373.4156 3319.5289
3261.4173 3209.8733
3154.7166 3105.4062
3052.9987 3005.8175
2955.9705 2910.8191
8013.699 7844.5296
7637.0735 7478.4232
7283.7139 7134.5325
6952.0011 6811.3931
6640.4233 6507.621
6347.5695 6221.9138
6072.1272 5953.05
5812.8819 5699.8873
5568.7055 5461.3601
5338.5528 5236.4755
5121.4606 5024.3106
4916.5343 4824.0078
4722.9473 4634.7712
4539.9365 4455.8625
4366.7962 4286.5974
4202.8728 4126.3413
4047.5623 3974.5063
3900.3065 3830.5473
3760.5882 3693.9591
3627.9281 3564.2734
3501.8826 3441.0557
3382.0404 3323.9032
3268.0192 3212.4416
3159.4649 3106.3237
3056.0487 3005.2269
2957.4649 2908.8511
2863.429 2816.9175
7802.023 7624.9609
7434.7225 7269.103
7090.1897 6934.8388
6766.83 6620.745
6463.1564 6325.4764
6177.7815 6047.7668
5909.4161 5786.4291
5656.8683 5540.353
5419.0315 5308.5026
5194.8811 5089.9129
4983.4737 4883.6868
4783.9332 4688.9908
4595.4507 4505.0511
4417.2799 4331.1503
4248.7306 4166.6231
4089.1643 4010.8527
3937.9908 3863.2677
3794.6649 3723.3381
3658.6817 3590.5731
3529.5733 3464.5174
3406.9072 3344.7486
3290.2819 3230.8751
3179.3246 3122.5333
3073.69 3019.3857
2973.0578 2921.1185
2877.1298 2827.4402
2785.6287 2738.0797
7666.0937 7487.0304
7304.6573 7137.6107
6965.7162 6809.394
6647.6819 6500.9827
6349.0749 6211.0558
6068.5167 5938.3703
5804.7274 5681.7605
5556.525 5440.1362
5322.8131 5212.48
5102.5774 4997.8448
4894.8846 4795.3495
4698.8687 4604.1756
4513.7307 4423.5635
4338.7337 4252.8086
4173.1969 4091.2577
4016.4904 3938.3053
3868.0325 3793.39
3727.2861 3655.9918
3593.7539 3525.6284
3466.9753 3401.853
3346.5246 3284.2508
3232.0068 3172.4372
3123.0553 3066.0553
3019.3304 2964.7735
2920.5173 2868.2839
2826.323 2776.3002
2736.4749 2688.5562
7525.3688 7344.0316
7170.0041 7001.2867
6836.8502 6679.3397
6524.3256 6376.8197
6230.9595 6092.431
5955.3825 5824.9543
5696.3248 5573.2461
5452.6151 5336.2371
5223.1675 5112.9295
5006.9786 4902.394
4803.1257 4703.7665
4610.7534 4516.2441
4429.0727 4339.0818
4257.3569 4171.5884
4094.9345 4013.1231
3941.1848 3863.092
3795.5349 3720.9447
3657.456 3586.1707
3526.4587 3458.2973
3402.0898 3336.8859
3283.9307 3221.5299
3171.5932 3111.8519
3064.7169 3007.5018
2962.9682 2908.1544
2866.0377 2813.5077
2773.6377 2723.2808
2685.5006 2637.2126
7305.4192 7115.1213
6959.7357 6783.0605
6635.7406 6471.1493
6331.8796 6178.0594
6046.7083 5902.5356
5778.8832 5643.3966
5527.1595 5399.5345
5290.3895 5169.9134
5067.5104 4953.5665
4857.5403 4749.5936
4659.5774 4557.1575
4472.7857 4375.4803
4296.3946 4203.8403
4129.6948 4041.5677
3972.0311 3888.0419
3822.7983 3742.6872
3681.4377 3604.9706
3547.4343 3474.3975
3420.3112 3350.5099
3299.6272 3232.8828
3184.9747 3121.1224
3075.976 3014.863
2972.2804 2913.7654
2873.5634 2817.5146
2779.5241 2725.818
2689.883 2638.4033
2604.3798 2555.0178
7060.364 6858.6217
6725.5078 6538.5327
6411.7393 6237.8667
6117.5385 5955.3434
5841.4937 5689.7527
5582.2931 5439.9562
5338.7216 5204.8858
5109.6602 4983.5429
4894.0727 4774.9956
4691.0029 4578.3763
4499.5727 4392.8777
4318.9687 4217.7501
4148.4414 4052.2978
3987.3013 3895.8753
3834.9118 3747.8841
3690.685 3607.7696
3554.0784 3475.0177
3424.5923 3349.1518
3301.7639 3229.7303
3185.1653 3116.3437
3074.4013 3008.6122
2969.1057 2906.1835
2868.9387 2808.7304
2773.5859 2715.9494
2682.7558 2627.5584
2596.1777 2543.295
2513.5997 2462.9155
6849.5496 6638.9844
6523.9549 6329.1465
6218.9488 6038.1096
5933.0374 5764.6343
5664.8345 5507.5494
5413.0527 5265.7526
5176.5009 5038.2105
4954.0828 4823.9561
4744.784 4622.0876
4547.6689 4431.7649
4361.8793 4252.2068
4186.6202 4082.6877
4021.16 3922.5339
3864.8253 3771.1206
3716.9955 3627.8688
3577.0971 3492.2413
3444.6015 3363.7406
3319.0218 3241.9054
3199.9073 3126.3083
3086.8414 3016.5527
2979.4396 2912.2712
2877.3456 2813.1225
2780.2289 2718.7903
2687.7838 2628.9804
2599.727 2543.42
2515.7953 2461.855
2435.744 2384.0494
6605.1162 6382.3088
6290.3226 6084.4505
5995.5125 5804.6662
5719.2278 5541.7644
5460.1162 5294.6193
5216.9227 5062.1713
4988.4868 4843.4266
4773.7413 4637.4559
4571.6992 4443.3923
4381.4505 4260.428
4202.1612 4087.8122
4033.059 3924.8472
3873.4334 3770.8854
3722.631 3625.3262
3580.0495 3487.6128
3445.133 3357.2291
3317.369 3233.6965
3196.2857 3116.5718
3081.4466 3005.4439
2972.4483 2899.9317
2868.9186 2799.6819
2770.5127 2704.3665
2676.9108 2613.6813
2587.8172 2527.3437
2502.9581 2445.0911
2422.079 2366.6796
2344.9434 2291.8821
6278.4329 6035.1167
5978.209 5753.4623
5697.1059 5488.8985
5433.7238 5240.2989
5186.7655 5006.5987
4955.0269 4786.796
4737.3947 4579.9512
4532.8457 4385.1855
4340.4337 4201.679
4159.2865 4028.6681
3988.6053 3865.4426
3827.6501 3711.3429
3675.7406 3565.7566
3532.2513 3428.1159
3396.6058 3297.8941
3268.2721 3174.6031
3146.7599 3057.7907
3031.6181 2947.0375
2922.4294 2841.9549
2818.8081 2742.1825
2720.3985 2647.3862
2626.8712 2557.2559
2537.9206 2471.5038
2453.2644 2389.8629
2372.6411 2312.0848
2295.8078 2237.9387
2222.5387 2167.2101
5957.2392 5693.0674
5671.339 5427.3768
5403.7079 5177.8082
5153.0046 4943.2989
4917.9864 4722.8445
4697.4998 4515.4998
4490.4785 4320.3785
4295.9431 4136.6518
4112.9878 3963.546
3940.7776 3800.3409
3778.5486 3646.3666
3625.5928 3501.0009
3481.2595 3363.666
3344.9508 3233.8263
3216.1157 3110.9851
3094.2459 2994.6819
2978.873 2884.4901
2869.5659 2780.014
2765.9264 2680.8871
2667.5861 2586.7695
2574.2056 2497.3459
2485.4705 2412.3238
2401.0893 2331.4319
2320.7926 2254.4181
2244.3312 2181.0481
2171.4734 2111.1044
2102.0041 2044.3844
5680.4437 5398.8881
5406.8422 5146.9271
5150.7893 4910.255
4910.9916 4687.8638
4686.2513 4478.8013
4475.4569 4282.1711
4277.5809 4097.1326
4091.6802 3922.8997
3916.883 3758.7391
3752.3857 3603.9675
3597.4533 3457.9497
3451.4052 3320.0955
3313.6157 3189.8572
3183.5102 3066.7269
3060.5594 2950.2333
2944.2751 2839.9399
2834.2074 2735.442
2729.9429 2636.3646
2631.0992 2542.3599
2537.3229 2453.1057
2448.2887 2368.3029
2363.695 2287.6742
2283.2623 2210.9622
2206.7327 2137.9279
2133.8672 2068.3492
2064.4441 2002.0197
1998.2571 1938.7473
5376.9289 5074.5329
5116.8524 4837.7097
4873.5159 4615.2568
4645.6826 4406.2269
4432.2071 4209.7248
4232.0263 4024.9081
4044.1579 3850.9866
3867.7004 3687.2216
3701.8203 3532.9236
3545.7499 3387.4506
3398.787 3250.2054
3260.2815 3120.6334
3129.6358 2998.2197
3006.3014 2882.4869
2889.7731 2772.9921
2779.5849 2669.325
2675.3077 2571.1052
2576.547 2477.9802
2482.9383 2389.6231
2394.1448 2305.7311
2309.8561 2226.0231
2229.7851 2150.2385
2153.6654 2078.1352
2081.2513 2009.4886
2012.3153 1944.09
1946.6462 1881.7454
1884.0479 1822.2743
5076.1463 4752.3095
4829.4737 4530.5246
4598.7358 4322.1974
4382.7525 4126.4408
4180.4313 3942.4165
3990.7579 3769.3355
3812.795 3606.4579
3645.683 3453.0918
3488.627 3308.5916
3340.8946 3172.3559
3201.8169 3043.8257
3070.7738 2922.4813
2947.1958 2807.8408
2830.5605 2699.4568
2720.3863 2596.9148
2616.2296 2499.8304
2517.6817 2407.8474
2424.3671 2320.6357
2335.9388 2237.8891
2252.0762 2159.3241
2172.4843 2084.6775
2096.8899 2013.705
2025.0396 1946.1801
1956.6997 1881.8925
1891.6542 1820.6466
1829.7024 1762.2608
1770.6579 1706.5659
4855.4148 4517.6875
4618.5001 4306.8525
4396.9565 4108.8108
4189.6403 3922.7191
3995.4932 3747.7803
3813.533 3583.2446
3642.8525 3428.4085
3482.62 3282.6142
3332.0668 3145.2481
3190.485 3015.7386
3057.2282 2893.554
2931.6976 2778.2005
2813.3432 2669.2198
2701.6608 2566.1868
2596.1862 2468.7073
2496.4913 2376.416
2402.1821 2288.9743
2312.8968 2206.0682
2228.3012 2127.4069
2148.0865 2052.7207
2071.9687 1981.7593
1999.6849 1914.2907
1930.9912 1850.0996
1865.663 1788.9858
1803.4924 1730.7636
1744.2866 1675.2603
1687.8663 1622.3151
4659.1245 4309.581
4430.8609 4108.4585
4217.4755 3919.5398
4017.8557 3742.0206
3830.972 3575.1406
3655.8697 3418.1843
3491.6673 3270.4809
3337.5575 3131.4028
3192.7939 3000.3646
3056.6899 2876.8209
2928.6188 2760.2649
2808.0003 2650.2252
2694.3016 2546.2647
2587.0344 2447.978
2485.7496 2354.989
2390.0328 2266.9491
2299.503 2183.5353
2213.8107 2104.4483
2132.6328 2029.4106
2055.671 1958.1647
1982.651 1890.4722
1913.319 1826.1116
1847.4398 1764.8774
1784.7965 1706.5788
1725.1888 1651.0386
1668.4307 1598.0919
1614.3494 1547.5856
4468.6729 4107.498
4248.8029 3915.8067
4043.3318 3735.747
3851.177 3566.5522
3671.3377 3407.4977
3502.886 3257.9016
3344.9654 3117.1243
3196.7922 2984.5679
3057.6422 2859.6744
2926.8492 2741.924
2803.806 2630.8335
2687.9499 2525.9538
2578.765 2426.8682
2475.7787 2333.1904
2378.5561 2244.5618
2286.6965 2160.6502
2199.8315 2081.1479
2117.6231 2005.7695
2039.7593 1934.2504
1965.9519 1866.3454
1895.9361 1801.8271
1829.4669 1740.4844
1766.3174 1682.1216
1706.2783 1626.5567
1649.1566 1573.6209
1594.7728 1523.157
1542.9605 1475.019
4348.006 3982.6831
4133.3559 3796.817
3932.8386 3622.2291
3745.3833 3458.1758
3570.0009 3303.9547
3405.7753 3158.9045
3251.8616 3022.4052
3107.4874 2893.877
2971.9397 2772.7787
2844.5627 2658.6065
2724.7596 2550.8918
2611.9774 2449.1992
2505.7095 2353.1246
2405.4922 2262.2934
2310.899 2176.358
2221.5371 2094.9963
2137.0457 2017.9099
2057.0939 1944.822
1981.3763 1875.4761
1909.6111 1809.6346
1841.5394 1747.0768
1776.9217 1687.5981
1715.5364 1631.0088
1657.1791 1577.1323
1601.6614 1525.805
1548.8082 1476.8746
1498.4572 1430.1994
4237.1896 3868.7485
4027.316 3688.1999
3831.3374 3518.6068
3648.1924 3359.2469
3476.9018 3209.4378
3316.5593 3068.5373
3166.3301 2935.943
3025.4516 2811.0918
2893.2201 2693.4579
2768.9896 2582.552
2652.172 2477.9188
2542.2231 2379.1354
2438.6447 2285.8093
2340.9809 2197.5766
2248.8128 2114.0996
2161.7549 2035.0655
2079.4532 1960.1843
2001.5832 1889.1873
1927.8456 1821.8252
1857.9643 1757.8672
1791.6859 1697.0991
1728.7761 1639.322
1669.0178 1584.3515
1612.2115 1532.0163
1558.1727 1482.1574
1506.7306 1434.6267
1457.7264 1389.2867
4109.9234 3736.3189
3905.586 3561.9508
3714.8507 3398.1632
3536.6708 3244.2585
3370.0819 3099.5776
3214.1918 2963.5004
3068.1794 2835.445
2931.2952 2714.8676
2802.8481 2601.2605
2682.2041 2494.151
2568.7865 2393.0995
2462.062 2297.6976
2361.5425 2207.5662
2266.7817 2122.3538
2177.37 2041.7343
2092.9303 1965.4056
2013.1167 1893.0877
1937.6123 1824.5209
1866.1248 1759.4647
1798.3848 1697.6961
1734.1453 1639.008
1673.1777 1583.2086
1615.2705 1530.1198
1560.2293 1479.5761
1507.8744 1431.4238
1458.0396 1385.5201
1410.5704 1341.7322
4014.7799 3639.7443
3814.5164 3469.8835
3627.6611 3310.3295
3453.1738 3160.403
3290.0966 3019.462
3137.5446 2886.9022
2994.7039 2762.1569
2860.8326 2644.6962
2735.2469 2534.0257
2617.3202 2429.6848
2506.4829 2331.2454
2402.2087 2238.3094
2304.0163 2150.5077
2211.466 2067.4979
2124.1543 1988.9623
2041.7102 1914.6065
1963.7934 1844.1578
1890.0925 1777.3633
1820.3204 1713.9887
1754.2125 1653.8166
1691.5263 1596.6455
1632.0378 1542.2884
1575.5395 1490.5718
1521.8408 1441.3345
1470.766 1394.4268
1422.1519 1349.7096
1375.8475 1307.0535
3879.1041 3497.5235
3684.7818 3334.3001
3503.5402 3180.9809
3334.3582 3036.9129
3176.2959 2901.4792
3028.4856 2774.0992
2890.1297 2654.2283
2760.5019 2541.3575
2638.9331 2435.0114
2524.81 2334.7476
2417.5764 2240.1546
2316.718 2150.8501
2221.7648 2066.4793
2132.2878 1986.713
2047.8935 1911.2461
1968.2203 1839.7958
1892.9366 1772.0999
1821.7392 1707.9154
1754.3487 1647.0171
1690.5076 1589.1961
1629.98 1534.259
1572.5483 1482.0258
1518.0109 1432.33
1466.1825 1385.0166
1416.8925 1339.9418
1369.9827 1296.9719
1325.3065 1255.9825
3722.8283 3331.7901
3535.4054 3176.3014
3360.6644 3030.2475
3197.6099 2893.0065
3045.3269 2763.9906
2902.9702 2642.6468
2769.7638 2528.4562
2645.001 2420.9339
2528.0314 2319.6273
2418.2591 2224.1147
2315.1437 2134.0041
2218.1858 2048.9315
2126.9295 1968.5587
2040.9585 1892.5723
1959.8914 1820.6815
1883.3776 1752.617
1811.0958 1688.1289
1742.7526 1626.9858
1678.0773 1568.9732
1616.821 1513.8922
1558.7555 1461.5583
1503.6702 1411.8002
1451.3705 1364.4593
1401.6772 1319.3879
1354.4257 1276.449
1309.4632 1235.5152
1266.6481 1196.4681
3571.838 3171.6007
3391.0854 3023.588
3222.6276 2884.5563
3065.4947 2753.9138
2918.7955 2631.101
2781.7074 2515.5914
2653.4748 2406.8911
2533.4108 2304.5384
2420.8827 2208.1025
2315.3116 2117.1822
2216.1726 2031.4041
2122.9809 1950.4217
2035.2939 1873.9131
1952.7079 1801.5801
1874.8529 1733.1457
1801.3893 1668.3536
1732.0058 1606.9661
1666.4181 1548.7627
1604.3645 1493.5393
1545.6038 1441.1066
1489.9155 1391.2888
1437.096 1343.9231
1386.9569 1298.8583
1339.3254 1255.9538
1294.0424 1215.0794
1250.9604 1176.1137
1209.9427 1138.9439
3383.4164 2968.5179
3211.0625 2829.9829
3050.4893 2699.8538
2900.7652 2577.5767
2761.0335 2462.6278
2630.5039 2354.5145
2508.4504 2252.7745
2394.2131 2156.9757
2287.1845 2066.7148
2186.8084 1981.6162
2092.5812 1901.3307
2004.0374 1825.5338
1920.7522 1753.9242
1842.3384 1686.2228
1768.4413 1622.1704
1698.735 1561.5271
1632.9212 1504.0703
1570.7275 1449.5938
1511.9031 1397.9065
1456.2171 1348.831
1403.4583 1302.2032
1353.4318 1257.8704
1305.9575 1215.6911
1260.87 1175.5339
1218.0172 1137.2768
1177.2579 1100.8061
1138.4618 1066.0164
3226.416 2800.4823
3061.032 2669.7892
2907.0118 2547.0263
2763.4528 2431.6709
2629.5257 2323.229
2504.4654 2221.2356
2387.5693 2125.2548
2278.1991 2034.8789
2175.7672 1949.7273
2079.7358 1869.4459
1989.6183 1793.705
1904.965 1722.1986
1825.3655 1654.6426
1750.4461 1590.7735
1679.8642 1530.3469
1613.3057 1473.1363
1550.4827 1418.9319
1491.1326 1367.5391
1435.0137 1318.7776
1381.9036 1272.4802
1331.5989 1228.4917
1283.912 1186.6684
1238.6693 1146.8767
1195.7119 1108.9927
1154.8933 1072.9011
1116.0782 1038.4948
1079.141 1005.6744
3066.3639 2628.4263
2908.0997 2505.7629
2760.7674 2390.5424
2623.4956 2282.2743
2495.484 2180.4948
2375.9941 2084.7677
2264.3479 1994.6838
2159.9298 1909.8604
2062.173 1829.9405
1970.5589 1754.5913
1884.6188 1683.5038
1803.919 1616.3907
1728.0644 1552.9852
1656.6949 1493.0401
1589.4809 1436.3261
1526.1198 1382.6305
1466.3348 1331.7563
1409.8732 1283.521
1356.5027 1237.7554
1306.0094 1194.3024
1258.1979 1153.0165
1212.8881 1113.7628
1169.9132 1076.4158
1129.1207 1040.8593
1090.3702 1006.9851
1053.5316 974.69275
1018.4846 943.88875
2935.2374 2488.8836
2782.7831 2372.7325
2640.9175 2263.6292
2508.7927 2161.1092
2385.6303 2064.7333
2270.7122 1974.0885
2163.3792 1888.7872
2063.0333 1808.4671
1969.1239 1732.7901
1881.1476 1661.4413
1798.6494 1594.1279
1721.2087 1530.5778
1648.442 1470.5386
1580.0006 1413.776
1515.5649 1360.0728
1454.8418 1309.2279
1397.5633 1261.0546
1343.485 1215.3801
1292.3819 1172.0441
1244.0474 1130.898
1198.2924 1091.804
1154.9429 1054.6342
1113.8378 1019.27
1074.8297 985.60112
1037.7832 953.52528
1002.5728 922.94729
969.08246 893.77864
2827.7768 2376.0835
2680.0651 2265.1966
2542.6709 2161.0381
2414.7635 2063.1645
2295.5808 1971.1566
2184.4199 1884.6199
2080.636 1803.1847
1983.6443 1726.5049
1892.9069 1654.2578
1807.9318 1586.1427
1728.2751 1521.88
1653.5262 1461.2102
1583.3111 1403.892
1517.2897 1349.702
1455.1508 1298.4328
1396.6088 1249.8922
1341.4027 1203.9023
1289.2948 1160.2978
1240.0662 1118.9259
1193.516 1079.6446
1149.4604 1042.3224
1107.7304 1006.8372
1068.1696 973.0757
1030.6348 940.93277
994.99472 910.31065
961.12757 881.1185
928.92085 853.27181
2732.0217 2276.478
2588.5315 2170.2396
2455.1213 2070.4475
2330.9749 1976.6768
2215.344 1888.5261
2107.5384 1805.6171
2006.9258 1727.5958
1912.9328 1654.1304
1825.0323 1584.9119
1742.7424 1519.6522
1665.6287 1458.0835
1593.2893 1399.9569
1525.3586 1345.0416
1461.5042 1293.1232
1401.422 1244.0032
1344.8332 1197.4975
1291.4829 1153.4354
1241.1394 1111.6588
1193.5892 1072.0212
1148.6363 1034.3865
1106.102 998.62886
1065.8215 964.63119
1027.6425 932.28501
991.42593 901.48951
957.04383 872.15107
924.37792 844.18265
893.31884 817.50329
2655.9576 2199.3896
2515.8035 2096.7488
2385.5519 2000.3361
2264.3959 1909.7408
2151.5962 1824.5751
2046.4714 1744.4737
1948.3974 1669.0944
1856.8089 1598.1168
1771.1864 1531.2423
1691.0554 1468.1925
1615.9881 1408.7087
1545.5895 1352.5505
1479.4998 1299.4948
1417.3925 1249.3345
1358.969 1201.8779
1303.9555 1156.947
1252.1023 1114.3771
1203.1818 1074.0152
1156.985 1035.7198
1113.32 999.35963
1072.0116 964.81282
1032.8986 931.96642
995.83212 900.71557
960.67605 870.9629
927.30544 842.61794
895.60471 815.5966
865.46707 789.82069
2568.4927 2108.9861
2432.2073 2010.5643
2305.6059 1918.1146
2187.8951 1831.2432
2078.3483 1749.5783
1976.2961 1672.7695
1881.1257 1600.4887
1792.2823 1532.4286
1709.2565 1468.3029
1631.5831 1407.8447
1558.8429 1350.806
1490.6491 1296.9561
1426.6495 1246.0811
1366.5246 1197.9827
1309.9825 1152.4767
1256.7556 1109.3926
1206.5998 1068.5724
1159.2929 1029.8696
1114.6309 993.14827
1072.4265 958.28261
1032.5089 925.1558
994.72111 893.65951
958.91786 863.69319
924.96661 835.16346
892.74575 807.98359
862.14279 782.07293
833.05383 757.3565
2484.9988 2022.9919
2352.4138 1928.5834
2229.3034 1839.9034
2114.887 1756.5742
2008.4501 1678.239
1909.3352 1604.5621
1816.9401 1535.2285
1730.7206 1469.9436
1650.1765 1408.4326
1574.8517 1350.4397
1504.3353 1295.7267
1438.2481 1244.0725
1376.2455 1195.272
1318.0147 1149.1348
1263.27 1105.4843
1211.7498 1064.157
1163.2153 1025.0013
1117.4497 987.87661
1074.2536 952.65266
1033.4443 919.20869
994.85507 887.43266
958.33272 857.22067
923.73575 828.47627
890.93497 801.10988
859.81192 775.0383
830.25706 750.18417
802.16927 726.47556
2382.5191 1914.6592
2254.5137 1825.3064
2135.7067 1741.3753
2025.3371 1662.5086
1922.7088 1588.3685
1827.1808 1518.6372
1738.1669 1453.0165
1655.1369 1391.2277
1577.6041 1333.0107
1505.1245 1278.1234
1437.2987 1226.3403
1373.7579 1177.4524
1314.1669 1131.2652
1258.222 1087.5986
1205.6455 1046.2857
1156.1834 1007.1715
1109.604 970.11261
1065.697 934.97595
1024.2689 901.63825
985.14243 869.9852
948.15625 839.91079
913.16182 811.31664
880.02209 784.11149
848.612 758.21056
818.81693 733.5351
790.53094 710.0119
763.65622 687.57289
2282.3233 1808.6195
2158.8041 1724.2154
2044.2106 1644.9327
1937.8015 1570.4338
1838.8988 1500.3998
1746.8784 1434.5303
1661.1696 1372.5439
1581.2566 1314.1772
1506.6659 1259.1845
1436.9655 1207.337
1371.7672 1158.4218
1310.7126 1112.2414
1253.476 1068.6123
1199.7624 1027.3641
1149.3022 988.33925
1101.8488 951.39136
1057.1775 916.3849
1015.0842 883.19422
975.38132 851.70287
937.89719 821.80287
902.47536 793.39407
868.972 766.38357
837.25444 740.68512
807.20162 716.21867
778.7027 692.90982
751.65521 670.68942
725.9646 649.49316
2180.5762 1700.3754
2061.6234 1621.0229
1951.3148 1546.4853
1848.9299 1476.4452
1753.8098 1410.6026
1665.3484 1348.6754
1582.9909 1290.3988
1506.2367 1235.5252
1434.6261 1183.8237
1367.7397 1135.0792
1305.201 1089.0917
1246.6622 1045.6751
1191.8074 1004.6571
1140.3506 965.87767
1092.0307 929.1884
1046.6086 894.45181
1003.8666 861.54046
963.60724 830.33622
925.64897 800.72961
889.82557 772.61914
855.98575 745.9106
823.99044 720.51664
793.71138 696.35622
765.03164 673.35406
737.84414 651.44022
712.04998 630.54968
687.55789 610.62199
2087.8589 1602.3429
1973.0712 1527.5654
1866.6723 1457.3252
1767.9602 1391.3231
1676.2936 1329.2767
1591.0818 1270.9199
1511.7852 1216.0031
1437.9164 1164.2933
1369.0281 1115.5726
1304.7126 1069.6385
1244.6039 1026.3022
1188.3636 985.3888
1135.6851 946.73562
1086.2903 910.19191
1039.9257 875.61789
996.35939 842.88396
955.37996 811.87004
916.79578 782.46482
880.4309 754.5651
846.12414 728.07524
813.72893 702.9065
783.11056 678.97658
754.14478 656.20909
726.71839 634.53307
700.72782 613.88264
676.07738 594.19652
652.67882 575.41773
2012.218 1524.1532
1900.8324 1453.0247
1797.6323 1386.212
1701.9299 1323.4307
1613.0967 1264.412
1530.5544 1208.9028
1453.7746 1156.6659
1382.2805 1107.4793
1315.6343 1061.1361
1253.4373 1017.4434
1195.3318 976.22184
1140.9872 937.30487
1090.1037 900.53788
1042.41 865.77742
997.65868 832.89053
955.62324 801.75395
916.09761 772.25344
878.89494 744.28312
843.84374 717.74485
810.78697 692.54763
779.58192 668.60707
750.09742 645.84488
722.21257 624.18839
695.81725 603.57011
670.81076 583.92736
647.10009 565.20186
624.59951 547.33941
1939.6133 1449.3176
1831.503 1381.6814
1731.3815 1318.1492
1638.5746 1258.4504
1552.4667 1202.3295
1472.4914 1149.5459
1398.131 1099.8738
1328.919 1053.1024
1264.4272 1009.0347
1204.2654 967.48736
1148.0839 928.28983
1095.5596 891.28372
1046.3997 856.322
1000.3391 823.2683
957.13619 791.99616
916.57001 762.38839
878.43948 734.33636
842.5624 707.73939
808.7716 682.50415
776.91401 658.54413
746.85064 635.77906
718.45378 614.13449
691.60571 593.54134
666.19928 573.93541
642.13656 555.25711
619.32714 537.45101
597.68769 520.4656
1881.0992 1391.0555
1775.6396 1326.1384
1678.0147 1265.1602
1587.5603 1207.8614
1503.6699 1153.9966
1425.7859 1103.3348
1353.3991 1055.6595
1286.0506 1010.7683
1223.3191 968.47208
1164.8214 928.59489
1110.2139 890.97307
1059.1794 855.45456
1011.4301 821.89827
966.70636 790.17329
924.77092 760.15827
885.40723 731.7407
848.41822 704.81634
813.6254 679.28854
780.86508 655.06774
749.98744 632.07088
720.85649 610.22093
693.34732 589.44645
667.34484 569.68111
642.74436 550.86333
619.45021 532.93588
597.37412 515.84559
576.43472 499.54299
1816.1459 1324.9367
1713.6382 1263.1052
1618.7868 1205.0255
1530.94 1150.4502
1449.503 1099.1457
1373.9289 1050.8921
1303.7186 1005.4829
1238.4222 962.72549
1177.6274 922.43971
1120.9586 884.45798
1068.0796 848.62441
1018.6799 814.79419
972.47804 782.83291
929.21997 752.61589
888.67388 724.02752
850.6281 696.96068
814.89012 671.31606
781.28568 647.00166
749.65498 623.93213
719.8518 602.02836
691.7435 581.217
665.2083 561.42998
640.134 542.60413
616.41859 524.68079
593.9689 507.60545
572.69898 491.32746
552.52968 475.79973
1749.1666 1256.1545
1649.7113 1197.5329
1557.7244 1142.4682
1472.5677 1090.7261
1393.659 1042.085
1320.4632 996.33626
1252.4919 953.28446
1189.3053 912.74669
1130.5 874.5523
1075.7091 838.54234
1024.604 804.56903
976.88135 772.49506
932.26645 742.193
890.51114 713.54466
851.38927 686.44045
814.6943 660.77877
780.23847 636.46548
747.85189 613.41332
717.37882 591.5414
688.67682 570.77473
661.6167 551.04375
636.07992 532.28393
611.95725 514.43539
589.14946 497.44252
567.56598 481.25364
547.12324 465.82074
527.74428 451.09914
1682.6775 1187.6926
1586.2611 1132.266
1497.1237 1080.2024
1414.6413 1031.2803
1338.2444 985.29021
1267.41 942.03487
1201.6607 901.32945
1140.5667 863.00102
1083.7341 826.88827
1030.8043 792.84093
981.45682 760.71923
935.39539 730.39336
892.35194 701.74283
852.08444 674.65588
814.37236 649.0289
779.0143 624.76582
745.82726 601.77761
714.64578 579.9818
685.31818 559.30191
657.70574 539.66703
631.68276 521.01139
607.13388 503.274
583.95286 486.39821
562.04322 470.33145
541.31693 455.02487
521.6928 440.43306
503.0961 426.51378
1616.9469 1119.8569
1523.5424 1067.596
1437.2275 1018.5061
1357.3923 972.3783
1283.4807 929.01495
1214.9814 888.23018
1151.4282 849.84968
1092.4016 813.7104
1037.5171 779.66021
986.42472 747.55745
938.81173 717.27035
894.38926 688.67652
852.89589 661.66235
814.09566 636.12246
777.77366 611.95915
743.73369 589.08186
711.7975 567.40665
681.80397 546.85574
653.60546 527.357
627.06699 508.84359
602.06627 491.25349
578.49115 474.52919
556.23831 458.61728
535.21401 443.46819
515.33275 429.03586
496.51568 415.27747
478.69027 402.1532
1556.7005 1058.4051
1466.0701 1009.012
1382.3551 962.61602
1304.9586 919.01953
1233.3362 878.03582
1166.9879 839.48921
1105.4577 803.21493
1048.3354 769.05886
995.24498 736.87723
945.84458 706.53615
899.82866 677.91108
856.91501 650.88634
816.84835 625.35456
779.39838 601.21617
744.35535 578.37881
711.52782 556.7569
680.74193 536.27109
651.84062 516.84788
624.67995 498.41912
599.1284 480.92161
575.06686 464.29676
552.38611 448.49018
530.98555 433.45142
510.77397 419.13362
491.66821 405.49325
473.59159 392.48983
456.47358 380.08574
1502.8421 1004.5192
1414.7095 957.64096
1333.3361 913.60714
1258.1361 872.2303
1188.5761 833.33323
1124.1657 796.74914
1064.458 762.32161
1009.0513 729.90445
957.57718 699.36124
909.70094 670.56488
865.12349 643.39719
823.56863 617.74837
784.78658 593.5165
748.55207 570.60707
714.66001 548.93241
682.92327 528.4113
653.17195 508.96847
625.25262 490.53415
599.02472 473.04364
574.35982 456.43697
551.14171 440.65852
529.2638 425.65668
508.62799 411.38358
489.14533 397.79473
470.7348 384.84881
453.32168 372.50743
436.83729 360.73486
1453.1007 955.48866
1367.2915 910.89857
1288.0957 869.01398
1214.9383 829.65666
1147.2956 792.65804
1084.6866 757.85953
1026.6728 725.11239
972.86027 694.27756
922.88782 665.22523
876.42724 637.8345
833.18551 611.99292
792.89203 587.59605
755.30213 564.54694
720.19529 542.75571
687.37078 522.139
656.64547 502.61954
627.85315 484.12572
600.8438 466.59118
575.47998 449.95438
551.6362 434.15829
529.1989 419.14999
508.064 404.8804
488.1357 391.30397
469.32718 378.37839
451.5594 366.06437
434.75949 354.32538
418.86048 343.12743
1404.485 907.65418
1320.9569 865.29635
1243.8978 825.50868
1172.7433 788.12174
1106.9798 752.97544
1046.1353 719.91909
989.77986 688.81141
937.52719 659.52025
889.02336 631.92232
843.94675 605.90278
802.01037 581.35486
762.9492 558.17933
726.52366 536.28412
692.51791 515.5838
660.73553 495.99922
630.99736 477.45696
603.14083 459.88901
577.01927 443.23231
552.49835 427.42841
529.45543 412.42311
507.7796 398.16616
487.36924 384.61095
468.1308 371.7142
449.97958 359.43572
432.83846 347.73818
416.63638 336.58687
401.30805 325.94952
1355.6983 859.39391
1274.4651 819.28829
1199.5539 781.61616
1130.4114 746.21711
1066.534 712.93956
1007.4595 681.64086
952.76653 652.18722
902.07682 624.45349
855.04379 598.32294
811.3526 573.68686
770.72245 550.44415
732.89396 528.50087
697.63281 507.76983
664.72791 488.17018
633.9872 469.62692
605.23554 452.07055
578.3141 435.43669
553.07959 419.66563
529.40082 404.70202
507.15805 390.49456
486.24304 376.99567
466.5566 364.16119
448.00749 351.95016
430.5131 340.32452
413.99827 329.24894
398.39375 318.69055
383.63593 308.61879
1307.444 811.55955
1228.4875 773.68617
1155.7056 738.11083
1088.5565 704.68206
1026.5469 673.25671
969.22406 643.70006
916.17551 615.88577
867.03114 589.6957
821.45174 565.01958
779.12927 541.75475
739.78911 519.80573
703.17763 499.08382
669.06571 479.50667
637.24705 460.99794
607.53399 443.48682
579.75542 426.90767
553.75618 411.19968
529.3964 396.30646
506.54801 382.17575
485.09413 368.7591
464.92919 356.01157
445.95645 343.89148
428.08691 332.36013
411.24008 321.3816
395.34272 310.9225
380.32738 300.9518
366.1321 291.44065
0.00033447608 1530.1167
0.00034491725 1570.5203
0.00035563865 1606.2082
0.00036663198 1637.6466
0.0003778893 1665.252
0.00038940303 1689.397
0.00040116597 1710.4156
0.00041317129 1728.6075
0.00042541248 1744.2419
0.00043788341 1757.5611
0.00045057824 1768.7831
0.00046349145 1778.1045
0.00047661781 1785.7029
0.00048995239 1791.7385
0.00050349049 1796.3563
0.00051722767 1799.6876
0.00053115973 1801.8511
0.00054528269 1802.9546
0.00055959275 1803.0961
0.00057408633 1802.3643
0.00058876003 1800.84
0.00060361059 1798.5967
0.00061863493 1795.7013
0.00063383012 1792.2147
0.00064919337 1788.1925
0.00066472201 1783.6853
0.00068041348 1778.7395
5.0736808 1.0001375e+10 1.3228757
5.0459319 1.1433223e+10 1.3601471
5.0076652 1.2728117e+10 1.396424
4.9616226 1.3881011e+10 1.4317821
4.9099828 1.4893975e+10 1.4662878
4.8544585 1.5773529e+10 1.5
4.7963844 1.652875e+10 1.532971
4.7367922 1.7169971e+10 1.5652476
4.6764734 1.7707909e+10 1.5968719
4.6160304 1.8153112e+10 1.6278821
4.5559175 1.8515621e+10 1.6583124
4.4964729 1.8804787e+10 1.6881943
4.4379455 1.902918e+10 1.7175564
7
